from client [addr=/192.168.254.69,port=51161,localport=43594]: 
timestamp: 1437629506614
 14 
from server [addr=oldschool60.runescape.com/62.67.0.108,port=43333,localport=60818]: 
timestamp: 1437629506837
 0 
from client [addr=/192.168.254.69,port=51161,localport=43594]: 
timestamp: 1437629506839
 16  1  104  0  0  0  84  0  -128  92 
 94  113  80  -47  -76  -77  124  -94  47  -89 
 12  -127  81  20  83  73  27  114  46  -107 
 -14  -64  -6  98  124  11  -61  89  14  -112 
 9  36  -81  125  -56  -43  103  2  10  -127 
 110  107  104  -72  57  -72  -61  -64  108  26 
 -63  0  19  -72  47  -88  -57  -30  -35  -103 
 5  44  -104  -33  -6  -64  -37  -29  50  -22 
 -72  -93  111  108  -35  -78  -54  -90  -1  22 
 -119  64  56  84  -117  3  -4  56  -58  -44 
 12  -98  47  18  -56  65  -121  -93  83  90 
 -124  -43  -58  -86  64  64  -23  5  112  -3 
 -128  123  -61  30  -104  -38  23  116  -68  -28 
 83  -127  -26  -41  66  -1  74  92  -91  -3 
 101  -91  51  19  -99  -111  53  -102  68  -125 
 -58  76  122  -92  -39  17  -1  45  122  -81 
 -94  -17  -92  -61  52  102  -93  -8  97  -11 
 -76  -125  125  10  -5  -2  38  -40  -70  -44 
 -52  32  -85  108  127  83  104  -75  -22  -92 
 -58  26  -44  -34  -31  37  -34  -68  -23  91 
 91  -42  94  71  20  28  117  -26  55  21 
 25  29  -117  38  -41  9  46  -30  48  -67 
 -53  62  -15  -69  -17  -9  126  -38  117  -61 
 85  9  -73  126  -13  78  19  -59  -51  116 
 -29  116  -25  -120  49  117  -36  56  63  38 
 5  54  -113  -113  87  -87  -94  -88  -51  75 
 -43  96  -72  127  -122  -21  -42  31  -64  -104 
 -91  81  59  -21  -42  31  -64  -104  -91  81 
 59  -21  -42  31  -64  -104  -91  81  59  -21 
 -42  31  -64  -104  -91  81  59  71  -100  79 
 72  108  67  82  127  107  -75  -112  -12  -17 
 -109  -88  44  -32  29  -9  -39  70  -118  101 
 -2  -99  -75  -77  -19  72  59  -21  39  95 
 -31  -36  -86  55  107  61  -10  -24  -95  -114 
 -63  -18  29  10  -9  -19  39  -100  -89  74 
 0  -3  -71  125  52  -75  -47  -115  38  79 
 0  77  33 
from server [addr=oldschool60.runescape.com/62.67.0.108,port=43333,localport=60818]: 
timestamp: 1437629508645
 2  0  0  0  0  0  0  0  2  -82 
 1  -113  0  73  1  -93  -99  -44  -110  51 
 -70  53  -80  -128  -33  78  113  32  17  -84 
 26  114  37  56  65  -43  89  115  -104  -75 
 110  -61  63  -57  90  37  -67  76  46  -101 
 53  34  34  56  -27  -5  98  38  -105  -62 
 5  100  77  -97  50  22  58  48  -66  -17 
 43  -92  -63  -95  -107  -34  88  -82  -51  -77 
 0  0  50  31  1  8  1  98  0  0 
 83  98  23  -124  2  -91  0  75  0  14 
 1  122  78  101  118  101  114  32  116  101 
 108  108  32  97  110  121  111  110  101  32 
 121  111  117  114  32  112  97  115  115  119 
 111  114  100  44  32  101  118  101  110  32 
 105  102  32  116  104  101  121  32  99  108 
 97  105  109  32  116  111  32  119  111  114 
 107  32  102  111  114  32  74  97  103  101 
 120  33  0  62  0  79  0  15  1  122 
 89  111  117  32  104  97  118  101  32  60 
 99  111  108  61  48  48  102  102  48  48 
 62  50  32  117  110  114  101  97  100  32 
 109  101  115  115  97  103  101  115  32  60 
 99  111  108  61  102  102  102  102  48  48 
 62  105  110  32  121  111  117  114  32  109 
 101  115  115  97  103  101  32  99  101  110 
 116  114  101  46  0  -59  0  94  0  18 
 1  122  89  111  117  32  104  97  118  101 
 32  60  99  111  108  61  48  48  102  102 
 48  48  62  51  55  60  99  111  108  61 
 102  102  102  102  48  48  62  32  100  97 
 121  115  32  111  102  32  79  108  100  32 
 83  99  104  111  111  108  32  82  117  110 
 101  83  99  97  112  101  32  109  101  109 
 98  101  114  32  99  114  101  100  105  116 
 32  114  101  109  97  105  110  105  110  103 
 46  0  1  0  104  0  20  1  122  65 
 32  109  101  109  98  101  114  115  104  105 
 112  32  115  117  98  115  99  114  105  112 
 116  105  111  110  32  103  114  97  110  116 
 115  32  97  99  99  101  115  115  32  116 
 111  32  116  104  101  32  109  101  109  98 
 101  114  115  45  111  110  108  121  32  102 
 101  97  116  117  114  101  115  32  111  102 
 32  98  111  116  104  32  118  101  114  115 
 105  111  110  115  32  111  102  32  82  117 
 110  101  83  99  97  112  101  46  0  -46 
 0  30  0  21  1  122  75  101  101  112 
 32  121  111  117  114  32  97  99  99  111 
 117  110  116  32  115  101  99  117  114  101 
 46  0  95  0  58  0  13  1  122  89 
 111  117  32  108  97  115  116  32  108  111 
 103  103  101  100  32  105  110  32  60  99 
 111  108  61  102  102  48  48  48  48  62 
 121  101  115  116  101  114  100  97  121  60 
 99  111  108  61  48  48  48  48  48  48 
 62  46  0  47  0  75  0  16  1  122 
 89  111  117  32  100  111  32  110  111  116 
 32  104  97  118  101  32  97  32  66  97 
 110  107  32  80  73  78  46  32  80  108 
 101  97  115  101  32  118  105  115  105  116 
 32  97  32  98  97  110  107  32  105  102 
 32  121  111  117  32  119  111  117  108  100 
 32  108  105  107  101  32  111  110  101  46 
 0  -107  0  48  0  3  0  50  84  101 
 115  116  32  121  111  117  114  32  109  101 
 116  97  108  32  105  110  32  116  104  101 
 32  114  101  118  97  109  112  101  100  32 
 68  117  101  108  32  65  114  101  110  97 
 33  0  101  0  37  67  0  -91  0  1 
 0  -94  -127  -109  0  -91  0  21  0  -93 
 -127  48  0  -91  0  22  0  -96  -127  -76 
 0  -91  0  26  1  122  -128  36  0  -91 
 0  25  0  50  -128  -73  0  50  73  109 
 105  105  105  105  105  105  65  0  0  0 
 0  -37  0  0  3  8  0  0  0  0 
 0  0  2  0  0  0  2  -114  0  0 
 0  0  0  0  0  0  0  0  109  -85 
 0  50  0  4  0  0  0  -23  114  0 
 50  73  109  105  105  105  105  105  105  65 
 0  0  0  2  91  0  0  3  8  0 
 0  0  0  0  0  0  0  0  0  2 
 -120  0  0  0  0  0  0  0  0  0 
 0  109  -85  0  50  0  5  0  0  0 
 -23  116  -113  0  -91  0  7  1  64  -127 
 90  0  -91  0  8  1  18  -127  -90  0 
 -91  0  9  0  -107  -127  70  0  -91  0 
 10  1  -125  -127  -114  0  -91  0  11  1 
 15  -127  51  0  -91  0  12  0  -38  -127 
 66  0  -91  0  14  1  -83  -127  87  0 
 -91  0  15  1  -80  -127  66  0  -91  0 
 16  0  -74  -127  -125  0  -91  0  17  1 
 5  -127  -3  0  -91  0  18  0  -40  -127 
 78  -91  0  2  0  0  0  0  1  0 
 -40  0  0  -23  0  -91  0  19  0  -17 
 -127  75  118  1  2  0  0  0  0  1 
 0  -17  0  0  118  0  -91  0  13  2 
 77  -127  31  0  -91  0  6  2  81  -127 
 -116  0  17  0  1  2  81  65  100  97 
 109  97  110  116  32  109  97  99  101  0 
 -82  0  19  0  2  2  81  67  111  109 
 98  97  116  32  76  118  108  58  32  53 
 54  0  -68  7  110  117  108  108  0  126 
 0  90  9  70  111  108  108  111  119  0 
 125  0  -24  13  84  114  97  100  101  32 
 119  105  116  104  0  124  0  17  7  110 
 117  108  108  0  123  0  -79  9  82  101 
 112  111  114  116  0  120  0  -20  0  9 
 0  5  0  -17  65  85  84  79  0  -39 
 24  0  0  87  101  108  99  111  109  101 
 32  116  111  32  82  117  110  101  83  99 
 97  112  101  46  0  47  0  11  1  0 
 0  0  0  2  97  99  0  112  0  3 
 30  0  0  -117  4  0  5  -118  36  0 
 10  -120  59  0  11  -123  -128  0  12  -112 
 124  0  14  -121  -81  0  18  -127  -10  0 
 19  -127  66  119  -1  -81  127  -108  0  -61 
 -33  -1  -1  -2  -107  0  75  55  -1  -68 
 -2  -106  0  63  -49  -9  -84  122  -105  0 
 43  -128  56  59  -75  -104  0  85  -13  -2 
 121  -82  -103  0  -43  0  29  -126  75  0 
 30  -48  -109  0  31  -28  80  0  32  -125 
 13  0  43  -125  -52  0  62  -122  24  0 
 63  -122  -106  0  65  -118  -57  0  67  -125 
 -20  0  68  -112  88  0  71  -124  63  0 
 80  -124  96  0  0  14  0  -44  0  107 
 0  101  -14  -54  0  107  -123  -44  0  111 
 -119  -97  0  122  -121  15  0  -125  -119  -74 
 0  0  3  -14  7  0  -99  0  -112  -28 
 -81  0  -111  -121  -120  0  -109  -122  -6  0 
 0  0  -96  22  0  -105  0  -96  -126  65 
 0  0  8  0  34  0  -40  0  -91  -99 
 48  0  -90  -125  18  0  -89  -128  3  0 
 -88  -124  22  0  -87  -124  -3  0  -86  -128 
 113  0  -85  -128  -81  0  -84  -127  61  0 
 -83  -127  -118  0  -81  -115  15  0  -80  -118 
 93  0  126  0  68  49  0  124  0  -78 
 -125  -19  0  -64  -126  64  0  -59  -98  97 
 0  -56  -127  123  0  -44  -115  -5  1  17 
 -18  -23  0  1  -8  1  -105  1  -59  0 
 0  3  -24  -103  1  41  1  31  -128  106 
 1  37  -63  -127  22  -101  1  -6  -86  1 
 85  0  16  -10  -2  -85  1  56  0  0 
 3  -24  -84  1  4  1  46  -67  82  0 
 0  2  88  -80  1  -18  1  51  -18  -126 

from server [addr=oldschool60.runescape.com/62.67.0.108,port=43333,localport=60818]: 
timestamp: 1437629508658
 21  0  11  116  -73  1  83  1  57  -115 
 -93  1  58  -48  111  1  61  -78  16  1 
 62  -65  -56  1  64  -125  77  1  83  -43 
 -36  47  90  1  -27  -44  1  -38  18  117 
 -58  -98  -38  1  -1  1  116  -126  43  1 
 -125  -18  -20  2  112  0  0  4  1  40 
 1  -113  -120  8  1  -106  -108  93  -121  -58 
 127  -64  24  1  50  -5  -27  4  -117  30 
 1  6  0  0  4  9  41  1  88  122 
 -68  97  110  49  1  89  1  -65  127  -61 
 0  1  69  0  65  1  -112  64  -59  -96 
 46  80  1  8  1  74  96  11  81  1 
 32  23  25  -127  -78  98  1  29  64  0 
 0  0  102  1  -103  64  0  -32  0  107 
 1  12  1  -20  -124  -75  64  0  0  0 
 115  1  123  0  0  -64  0  118  1  93 
 17  -50  -49  -48  120  1  -109  17  17  -49 
 -49  121  1  48  -14  53  -14  -12  122  1 
 4  17  -38  -38  27  124  1  106  -122  0 
 14  -6  125  1  -63  0  0  18  25  127 
 1  80  34  0  0  0  -128  2  -40  2 
 8  -127  30  0  0  16  20  -119  2  42 
 -119  36  -110  73  -106  2  -54  -128  0  0 
 40  -87  2  29  2  85  -88  -60  64  0 
 2  6  -42  2  -31  0  0  90  119  -25 
 2  -26  2  -107  -123  -122  8  1  0  7 
 22  2  13  2  -101  -86  91  5  -128  0 
 90  31  2  58  2  -95  -126  -4  2  -90 
 -127  -96  2  -68  -127  64  -17  -22  -117  -4 
 64  2  125  22  63  85  -82  65  2  111 
 72  12  -86  0  81  2  -66  2  -40  -122 
 110  20  0  0  33  98  2  -125  0  0 
 0  -128  -108  3  75  4  122  -8  13  -102 
 3  -124  3  -108  -21  40  -86  3  16  0 
 60  0  25  -80  3  -80  0  64  0  0 
 -66  3  7  8  45  -1  78  -62  3  -37 
 3  75  -112  -8  1  85  80  60  -52  3 
 -35  3  112  0  0  -51  3  54  3  81 
 127  -16  3  82  127  -122  3  83  127  -103 
 3  84  127  86  3  85  127  67  3  86 
 127  124  3  87  127  26  3  88  127  -67 
 9  33  40  26  -29  3  -31  3  104  -124 
 -78  86  -43  16  107  0  3  80  32  2 
 14  64  1  3  -16  0  0  0  -10  8 
 3  -29  113  119  4  -3  10  3  102  0 
 0  12  -60  11  3  29  0  0  -38  -56 
 16  3  -7  1  125  83  4  17  3  94 
 -1  118  -60  40  38  3  87  0  0  1 
 -21  39  3  100  63  -22  -103  -10  40  3 
 -45  0  0  0  -16  43  3  -118  3  -73 
 127  -56  3  -72  127  -43  3  -71  127  -103 
 3  -70  127  -112  3  -69  127  -127  3  -68 
 127  -84  3  -65  127  22  3  -64  127  16 
 3  -63  127  -56  3  -62  127  -31  3  -61 
 127  -124  23  21  11  -121  72  3  77  3 
 -50  -125  -18  0  0  5  82  81  3  -111 
 7  -64  0  0  82  3  -36  32  4  0 
 32  94  3  28  0  16  32  2  95  3 
 88  0  0  -95  -106  96  3  -121  14  85 
 80  11  101  3  -21  0  0  2  4  113 
 3  53  0  0  24  65  114  3  -114  0 
 18  2  127  115  3  95  0  0  32  0 
 121  3  40  96  49  0  0  -107  4  90 
 96  0  32  32  -106  4  113  0  0  13 
 -128  -105  4  -59  4  24  -64  42  0  0 
 16  0  -102  4  14  1  16  112  -66  -100 
 4  -21  4  29  -102  -46  0  0  6  0 
 -97  4  103  4  41  127  15  -104  -16  0 
 0  -85  4  -64  4  50  -128  111  4  51 
 127  -108  4  78  -127  -118  4  83  -128  71 
 0  5  0  1  -41  4  12  1  -128  0 
 0  -9  4  -8  4  127  127  74  0  -119 
 97  86  24  4  -44  3  18  79  -2  26 
 4  -28  0  36  -50  -26  28  4  -113  1 
 -128  34  2  30  4  5  2  -124  0  -122 
 34  4  -67  4  0  3  -21  36  4  -54 
 0  0  8  16  40  4  6  64  23  -112 
 -24  42  4  -75  2  32  48  71  44  4 
 -41  78  -3  77  112  24  -24  -90  32  -24 
 93  64  -24  108  72  -24  110  32  -32  -50 
 48  -32  34  64  -32  -106  72  -32  -104  48 
 -40  -1  56  -40  125  64  -40  -6  72  -40 
 -31  48  -48  84  56  -48  111  64  -48  -72 
 72  -48  -104  0  48  0  -107  0  0  0 
 93  0  12  4  -4  -127  5  78  -127  9 
 44  -127  2  79  -127  3  -28  127  0  0 
 -58  1  0  0  -128  0  0  -128  0  0 
 -128  1  78  -127  1  74  -127  1  74  -127 
 1  74  -127  -105  0  23  -1  -1  -6  -48 
 0  94  0  5  0  0  -128  0  0  -128 
 0  0  -128  5  -105  -127  4  110  -127  -126 
 0  -95  0  -91  0  19  0  -91  0  22 
 0  -96  1  0  -91  0  7  1  64  1 
 0  -91  0  15  1  -80  1  0  -91  0 
 18  0  -40  1  0  -91  0  6  2  81 
 1  0  -91  0  1  0  -94  1  0  -91 
 0  26  1  122  0  0  -91  0  25  0 
 50  0  0  -91  0  8  1  18  1  0 
 -91  0  12  0  -38  1  0  -91  0  21 
 0  -93  1  0  -91  0  10  1  -125  1 
 0  -91  0  9  0  -107  1  0  -91  0 
 14  1  -83  1  0  -91  0  17  1  5 
 1  0  -91  0  13  2  77  1  0  -91 
 0  16  0  -74  1  0  -91  0  11  1 
 15  1  0  -91  0  19  0  -17  1  0 
 -40  0  1  0  0  0  37  0  0  0 
 2  0  -17  0  1  0  0  1  -10  0 
 0  0  2  -110  -109  -9  0  0  -45  -128 
 -18  124  32  1  0  -46  127  -36  63  -115 
 0  0  -39  126  48  -68  94  1  0  -48 
 125  73  26  68  2  0  -53  124  -75  0 
 -59  0  0  -42  123  -47  -12  75  2  0 
 -53  122  116  -7  -15  0  0  -45  121  16 
 -10  115  2  0  -54  120  20  -101  79  2 
 0  -54  119  58  113  -105  0  0  -40  118 
 -100  4  -11  1  0  -52  117  -3  -58  76 
 1  0  -48  116  62  -18  36  2  0  -53 
 115  58  75  121  5  0  -62  114  126  28 
 38  0  0  -27  113  -12  29  93  1  0 
 -48  112  -62  92  24  2  0  -53  111  118 
 120  25  0  0  -23  110  79  -99  91  0 
 0  -35  109  -69  -67  -20  0  0  -44  108 
 18  89  48  0  0  -29  107  77  1  87 
 0  0  -34  106  124  0  0  0  0  -1 
 105  -52  0  0  0  0  -1  104  31  0 
 14  -76  100  -59  13  0  98  0  0  31 
 0  1  0  90  0  0  0  0  0  0 
 0  0  0  0  0  0  0  0  0  0 
 0  0  0  0  73  1  0  0  0  0 
 0  0  0  0  0  0  0  0  0  0 
 0  0  0  0  0  -117  2  0  0  0 
 0  0  0  0  0  0  0  0  0  0 
 0  0  0  0  0  0  18  3  0  0 
 0  0  0  0  0  0  0  0  0  0 
 0  0  0  0  0  0  0  16  4  0 
 0  0  0  0  0  0  0  0  0  0 
 0  0  0  0  0  0  0  0  35  5 
 0  0  0  0  0  0  0  0  0  0 
 0  0  0  0  0  0  0  0  0  -118 
 6  0  0  0  0  0  0  0  0  0 
 0  0  0  0  0  0  0  0  0  0 
 66  7  0  0  0  0  0  0  0  0 
 0  0  0  0  0  0  0  0  0  0 
 0 
from client [addr=/192.168.254.69,port=51158,localport=43594]: 
timestamp: 1437629508700
 2  0  0  0 
from client [addr=/192.168.254.69,port=51161,localport=43594]: 
timestamp: 1437629508895
 3  1  2  -3  1  -9  -125 
from client [addr=/192.168.254.69,port=51161,localport=43594]: 
timestamp: 1437629508954
 78 
from client [addr=/192.168.254.69,port=51161,localport=43594]: 
timestamp: 1437629509152
 -5 
from server [addr=oldschool60.runescape.com/62.67.0.108,port=43333,localport=60818]: 
timestamp: 1437629509258
 73  0  65  -26  108  -104  7  -1  -128  58 
 -128  -128  -128  -72  -128  -31  -29  -16  -27  -27 
 -46  -96  -18  -17  -14  -55  -72  -125  -74  -125 
 -75  -125  -76  -125  -77  -125  -73  -125  -88  -125 
 -128  -128  -128  -128  -128  -118  -127  -86  -127  -95 
 -127  -128  -127  -92  -127  -102  -127  -128  -19  -122 
 22  -121  -128  -128  -128  127  127  -128  82  0 
 7  0  16  -99  -9  -121  15  -128 
from client [addr=/192.168.254.69,port=51161,localport=43594]: 
timestamp: 1437629509320
 -120 
from server [addr=oldschool60.runescape.com/62.67.0.108,port=43333,localport=60818]: 
timestamp: 1437629509874
 50  1  -97  -69  0  2  0  0  107  0 
 2  1  0  74  0  0 
from client [addr=/192.168.254.69,port=51161,localport=43594]: 
timestamp: 1437629509878
 101  4  13  0  0  0  0  0  0  0 
 0  8  -24  -46  -100  -100 
from server [addr=oldschool60.runescape.com/62.67.0.108,port=43333,localport=60818]: 
timestamp: 1437629510465
 116  0  11  1  0  0  0  1  0  97 
 118  0  119  0  -48  0  2  0  0  -91 
 0  2  1  0  13  0  -54  0  73  114 
 111  110  32  66  117  122  122  108  101  116 
 0  0  0  0  0  0  0  0  67  111 
 111  107  121  115  116  114  101  110  116  104 
 0  0  0  0  0  0  0  0  80  111 
 105  115  101  100  68  111  110  103  101  114 
 0  73  114  111  110  68  111  110  103  101 
 114  0  0  0  0  0  0  0  66  110 
 97  112  101  116  105  111  110  0  0  0 
 0  0  0  0  0  49  49  51  116  97 
 108  108  121  0  0  0  0  0  0  0 
 0  114  101  100  105  117  109  32  109  97 
 114  101  0  0  0  0  0  0  0  0 
 71  111  116  -96  67  114  117  101  108  0 
 0  0  0  0  0  0  0  66  117  122 
 0  0  0  0  0  0  0  0  82  101 
 101  112  99  97  0  0  0  0  0  0 
 0  0  84  -96  72  -96  82  108  -96  86 
 -96  69  0  0  0  0  0  0  0  0 
 71  117  105  108  116  121  83  109  117  114 
 102  115  0  0  0  0  0  0  0 
from client [addr=/192.168.254.69,port=51161,localport=43594]: 
timestamp: 1437629510505
 59  13  0  0  0  1  0  0  0  0 
 38  -1  88  66  -10 
from client [addr=/192.168.254.69,port=51161,localport=43594]: 
timestamp: 1437629510723
 120  3  120  -105  91 
from server [addr=oldschool60.runescape.com/62.67.0.108,port=43333,localport=60818]: 
timestamp: 1437629511133
 -88  0  2  0  0  -106  0  2  1  0 

from client [addr=/192.168.254.69,port=51161,localport=43594]: 
timestamp: 1437629511743
 -87 
from server [addr=oldschool60.runescape.com/62.67.0.108,port=43333,localport=60818]: 
timestamp: 1437629511744
 -116  0  2  0  0  87  0  2  1  0 

from server [addr=oldschool60.runescape.com/62.67.0.108,port=43333,localport=60818]: 
timestamp: 1437629512297
 111  0  12  1  0  0  0  2  2  101 
 102  0  97  98  0  -128  0  2  0  0 
 -101  0  2  1  -84 
from client [addr=/192.168.254.69,port=51161,localport=43594]: 
timestamp: 1437629512303
 17  13  0  0  0  2  0  0  0  0 
 8  -91  26  61  -105 
from client [addr=/192.168.254.69,port=51161,localport=43594]: 
timestamp: 1437629512723
 -24  0 
from server [addr=oldschool60.runescape.com/62.67.0.108,port=43333,localport=60818]: 
timestamp: 1437629512902
 -43  0  2  0  0  57  0  2  1  -84 

from server [addr=oldschool60.runescape.com/62.67.0.108,port=43333,localport=60818]: 
timestamp: 1437629513501
 45  0  2  0  0  -117  0  2  1  0 

from client [addr=/192.168.254.69,port=51161,localport=43594]: 
timestamp: 1437629513743
 -23 
from server [addr=oldschool60.runescape.com/62.67.0.108,port=43333,localport=60818]: 
timestamp: 1437629514109
 127  0  12  1  0  0  0  3  0  99 
 103  0  101  100  0  -40  0  2  0  0 
 31  0  2  1  0 
from client [addr=/192.168.254.69,port=51161,localport=43594]: 
timestamp: 1437629514122
 -38  13  0  0  0  3  0  0  0  0 
 -49  107  70  -71  33 
from server [addr=oldschool60.runescape.com/62.67.0.108,port=43333,localport=60818]: 
timestamp: 1437629514708
 -80  0  2  0  0  98  0  2  1  -80 

from client [addr=/192.168.254.69,port=51161,localport=43594]: 
timestamp: 1437629514743
 -69  0 
from server [addr=oldschool60.runescape.com/62.67.0.108,port=43333,localport=60818]: 
timestamp: 1437629515389
 -9  0  2  0  0  34  0  2  1  -80 

from client [addr=/192.168.254.69,port=51161,localport=43594]: 
timestamp: 1437629515763
 -125 
from server [addr=oldschool60.runescape.com/62.67.0.108,port=43333,localport=60818]: 
timestamp: 1437629515946
 54  0  11  1  0  0  0  4  0  101 
 100  0  101  0  80  0  2  0  0  70 
 0  2  1  0 
from client [addr=/192.168.254.69,port=51161,localport=43594]: 
timestamp: 1437629515963
 -62  13  0  0  0  4  0  125  -48  -56 
 108  46  99  107  -4 
from server [addr=oldschool60.runescape.com/62.67.0.108,port=43333,localport=60818]: 
timestamp: 1437629516530
 107  0  2  0  0  85  0  2  1  0 

from client [addr=/192.168.254.69,port=51161,localport=43594]: 
timestamp: 1437629516763
 112  0 
from server [addr=oldschool60.runescape.com/62.67.0.108,port=43333,localport=60818]: 
timestamp: 1437629517141
 92  0  2  0  0  -49  0  2  1  0 

from server [addr=oldschool60.runescape.com/62.67.0.108,port=43333,localport=60818]: 
timestamp: 1437629517737
 -114  0  10  1  0  0  0  5  0  105 
 0  119  0  -76  0  2  0  0  -69  0 
 2  1  0 
from client [addr=/192.168.254.69,port=51161,localport=43594]: 
timestamp: 1437629517744
 -29  9  0  0  0  5  -19  101  -18  -99 
 -99 
from server [addr=oldschool60.runescape.com/62.67.0.108,port=43333,localport=60818]: 
timestamp: 1437629518348
 -64  0  2  0  0  100  0  2  1  0 

from client [addr=/192.168.254.69,port=51161,localport=43594]: 
timestamp: 1437629518764
 100  0  -119 
from server [addr=oldschool60.runescape.com/62.67.0.108,port=43333,localport=60818]: 
timestamp: 1437629519019
 -124  0  2  0  0  59  0  2  1  0 

from server [addr=oldschool60.runescape.com/62.67.0.108,port=43333,localport=60818]: 
timestamp: 1437629519622
 110  0  19  1  0  0  0  6  4  102 
 122  0  109  0  1  73  0  118  111  105 
 100  0  -60  0  2  0  0  -99  0  2 
 1  0 
from client [addr=/192.168.254.69,port=51161,localport=43594]: 
timestamp: 1437629519643
 -51  13  0  0  0  6  0  0  0  0 
 4  55  61  51  -86 
from server [addr=oldschool60.runescape.com/62.67.0.108,port=43333,localport=60818]: 
timestamp: 1437629520202
 -95  0  2  0  0  -85  0  2  1  0 

from client [addr=/192.168.254.69,port=51161,localport=43594]: 
timestamp: 1437629520663
 69 
from client [addr=/192.168.254.69,port=51161,localport=43594]: 
timestamp: 1437629520783
 37  0 
from server [addr=oldschool60.runescape.com/62.67.0.108,port=43333,localport=60818]: 
timestamp: 1437629520806
 126  0  2  0  0  -119  0  2  1  -92 

from server [addr=oldschool60.runescape.com/62.67.0.108,port=43333,localport=60818]: 
timestamp: 1437629521421
 -82  0  11  1  0  0  0  7  0  99 
 97  0  119  0  -26  0  2  0  0  -122 
 0  2  1  -88 
from client [addr=/192.168.254.69,port=51161,localport=43594]: 
timestamp: 1437629521424
 -26  9  0  0  0  7  -15  67  -39  -93 
 80 
from server [addr=oldschool60.runescape.com/62.67.0.108,port=43333,localport=60818]: 
timestamp: 1437629522021
 28  0  2  0  0  -53  0  2  1  0 

from client [addr=/192.168.254.69,port=51161,localport=43594]: 
timestamp: 1437629522442
 -14 
from server [addr=oldschool60.runescape.com/62.67.0.108,port=43333,localport=60818]: 
timestamp: 1437629522632
 61  0  2  0  0  60  0  2  1  0 

from client [addr=/192.168.254.69,port=51161,localport=43594]: 
timestamp: 1437629522783
 -74  15  -56  112  -84  78  -127  62  -13  8 
 96  -94  22  5  -125  37  -28 
from client [addr=/192.168.254.69,port=51161,localport=43594]: 
timestamp: 1437629523283
 15  17  -124  29  -33  7  -82  6  -28  7 
 -32  6  95  4  28  1  87  5  -36  66 
 31  -2  1  -68  1  96  118  1  122  0 
 6 
from server [addr=oldschool60.runescape.com/62.67.0.108,port=43333,localport=60818]: 
timestamp: 1437629523301
 -67  0  12  1  0  0  0  8  2  99 
 98  0  101  111  0  46  0  2  0  0 
 47  0  2  1  0 
from client [addr=/192.168.254.69,port=51161,localport=43594]: 
timestamp: 1437629523322
 -49  13  0  0  0  8  0  0  0  0 
 8  4  -127  30  -15 
from server [addr=oldschool60.runescape.com/62.67.0.108,port=43333,localport=60818]: 
timestamp: 1437629523918
 -60  0  -91  0  26  -103  0  -91  0  25 
 -68  2  -92  -20  0  1  0  -91  36  2 
 18  0  -85  0  4  0  -91  36  2  16 
 0  -117  0  2  0  -91  36  2  11  0 
 -87  0  3  0  -91  36  2  13  0  44 
 0  5  0  -91  36  2  58  0  -64  0 
 6  0  -91  36  2  60  0  -114  0  7 
 0  -91  36  2  61  0  -112  0  8  0 
 -91  36  2  62  0  -76  0  9  0  -91 
 36  2  63  0  56  0  10  0  -91  36 
 2  64  0  89  0  11  0  -91  36  2 
 65  0  -113  0  12  0  -91  36  2  66 
 0  58  0  13  0  -91  36  2  67  0 
 77  0  14  0  -91  36  2  68  0  -57 
 0  15  0  -91  36  2  69  0  5  0 
 16  0  -91  36  2  70  0  -72  0  17 
 0  -91  36  2  71  0  66  0  18  0 
 -91  36  2  72  0  -111  0  19  0  -91 
 36  2  73  0  123  0  20  0  -91  36 
 2  12  0  -50  0  21  0  -91  36  2 
 14  0  63  0  22  0  -91  36  2  8 
 0  -107  0  0  6  0  -97  4  56  0 
 50  -9  0  14  0  5  0  -17  65  108 
 32  75  104  97  114  105  100  0  -55  7 
 110  117  108  108  0  126  0  95  3  -3 
 -96  67  0  2  0  0  -97  0  2  1 
 0 
from server [addr=oldschool60.runescape.com/62.67.0.108,port=43333,localport=60818]: 
timestamp: 1437629524455
 81  0  2  0  0  77  0  2  1  0 

from client [addr=/192.168.254.69,port=51161,localport=43594]: 
timestamp: 1437629524456
 -94 
from server [addr=oldschool60.runescape.com/62.67.0.108,port=43333,localport=60818]: 
timestamp: 1437629525063
 96  0  11  1  0  0  0  9  2  102 
 102  0  120  0  91  0  2  0  0  33 
 0  2  1  0 
from client [addr=/192.168.254.69,port=51161,localport=43594]: 
timestamp: 1437629525081
 66  13  0  0  0  9  0  0  0  0 
 1  -74  1  117  -16 
from client [addr=/192.168.254.69,port=51161,localport=43594]: 
timestamp: 1437629525302
 -123  32  -64  -28  11  -88  -125  -112  -5  3 
 -123  -126  -56  -105  2  5  3  -118  5  19 
 3  13  3  -110  1  -110  4  -101  6  -99 
 7  -33  6  -30 
from client [addr=/192.168.254.69,port=51161,localport=43594]: 
timestamp: 1437629525321
 -83  0 
from server [addr=oldschool60.runescape.com/62.67.0.108,port=43333,localport=60818]: 
timestamp: 1437629525666
 48  0  2  0  0  39  0  2  1  0 

from client [addr=/192.168.254.69,port=51161,localport=43594]: 
timestamp: 1437629526242
 -6  28  7  99  23  105  -126  32  -79  -126 
 -122  87  11  -75  11  41  11  102  11  -93 
 10  -96  8  96  8  -32  9  95  9  32 

from server [addr=oldschool60.runescape.com/62.67.0.108,port=43333,localport=60818]: 
timestamp: 1437629526274
 -125  0  2  0  0  21  0  2  1  -76 

from client [addr=/192.168.254.69,port=51161,localport=43594]: 
timestamp: 1437629526322
 -128  0 
from server [addr=oldschool60.runescape.com/62.67.0.108,port=43333,localport=60818]: 
timestamp: 1437629526881
 109  0  12  1  0  0  0  10  2  101 
 108  0  100  116  0  46  0  2  0  0 
 26  0  2  1  -76 
from client [addr=/192.168.254.69,port=51161,localport=43594]: 
timestamp: 1437629526902
 38  13  0  0  0  10  0  0  0  0 
 9  62  78  -113  108 
from server [addr=oldschool60.runescape.com/62.67.0.108,port=43333,localport=60818]: 
timestamp: 1437629527540
 -63  0  2  0  0  83  0  2  1  -84 

from client [addr=/192.168.254.69,port=51161,localport=43594]: 
timestamp: 1437629527922
 85 
from server [addr=oldschool60.runescape.com/62.67.0.108,port=43333,localport=60818]: 
timestamp: 1437629528093
 -90  0  2  0  0  9  0  2  1  -84 

from client [addr=/192.168.254.69,port=51161,localport=43594]: 
timestamp: 1437629528302
 94  37  -64  66  -38  80  8  -54  -126  53 
 -8  7  -110  7  -40  7  -98  7  29  7 
 95  7  96  7  98  7  -94  7  98  7 
 -95  -64  121  -6  27  8  96  8  97 
from server [addr=oldschool60.runescape.com/62.67.0.108,port=43333,localport=60818]: 
timestamp: 1437629528696
 -78  0  11  1  0  0  0  11  0  99 
 110  0  102  0  29  0  2  0  0  -43 
 0  2  1  0 
from client [addr=/192.168.254.69,port=51161,localport=43594]: 
timestamp: 1437629528702
 -3  9  0  0  0  11  -15  -17  108  -20 
 92 
from client [addr=/192.168.254.69,port=51161,localport=43594]: 
timestamp: 1437629528822
 -114  14  -64  73  -9  32  7  -34  8  29 
 7  -33  7  87  7  -101  -121  0  -36  1 
 17  0  -108  33  124  12  -62  12  -128  27 
 -46 
from client [addr=/192.168.254.69,port=51161,localport=43594]: 
timestamp: 1437629529081
 -63  2  104  96  16  0  10  1  20  0 
 -109  123  124  12  -62  12  -128  27  -46 
from client [addr=/192.168.254.69,port=51161,localport=43594]: 
timestamp: 1437629529222
 124  2  8  -33  -117  0  6  1  21  0 
 -109  43  124  12  -62  12  -128  27  -46 
from server [addr=oldschool60.runescape.com/62.67.0.108,port=43333,localport=60818]: 
timestamp: 1437629529327
 61  -1  -1  -14  -1  -1  108  0  62  1 
 0  0  30  0  8  -128  31  -4  32  121 
 25  -123  24  -25  0  2  1  0  94  0 
 10  -80  -48  -115  0  -62  8  -1  27  83 
 -78 
from client [addr=/192.168.254.69,port=51161,localport=43594]: 
timestamp: 1437629529381
 -37  0  -117  0  6  1  21  0  -109  -69 
 123  12  -62  12  -128  27  -45 
from client [addr=/192.168.254.69,port=51161,localport=43594]: 
timestamp: 1437629529562
 107  0  74  0  6  1  21  0  -109  -7 
 123  12  -62  12  -128  27  -45 
from client [addr=/192.168.254.69,port=51161,localport=43594]: 
timestamp: 1437629529741
 0  4  -64  89  -72  91  -16  0  6  1 
 20  0  -109  65  123  12  -62  12  -128  27 
 -45 
from client [addr=/192.168.254.69,port=51161,localport=43594]: 
timestamp: 1437629529883
 -7  0  66  0  6  1  20  0  -109  -103 
 123  12  -62  12  -128  27  -45 
from server [addr=oldschool60.runescape.com/62.67.0.108,port=43333,localport=60818]: 
timestamp: 1437629529907
 -64  -1  -1  -58  -1  -1  29  -1  -1  44 
 4  12  -127  40  0  60  1  0  0  70 
 0  8  -128  31  -4  32  119  25  -123  24 
 -7  0  2  1  0  117  0  10  -80  -48 
 -115  1  -78  8  0  27  82  -62 
from client [addr=/192.168.254.69,port=51161,localport=43594]: 
timestamp: 1437629530040
 75  0  -9  0  6  1  20  0  -109  18 
 124  12  -62  12  -128  27  -46 
from client [addr=/192.168.254.69,port=51161,localport=43594]: 
timestamp: 1437629530221
 59  0  0  0  6  1  20  0  -109  44 
 124  12  -62  12  -128  27  -46 
from client [addr=/192.168.254.69,port=51161,localport=43594]: 
timestamp: 1437629530381
 -14  0  97  0  6  1  20  0  -109  -45 
 124  12  -62  12  -128  27  -46 
from server [addr=oldschool60.runescape.com/62.67.0.108,port=43333,localport=60818]: 
timestamp: 1437629530532
 -57  -1  -1  -88  -1  -1  55  -1  -1  83 
 -1  -1  -102  0  62  1  0  0  66  0 
 11  1  0  0  0  12  0  100  112  0 
 112  0  126  0  8  -128  31  -4  32  121 
 25  -123  24  -99  0  2  1  0  63  0 
 10  -80  -48  -115  0  -62  8  -1  27  83 
 -78 
from client [addr=/192.168.254.69,port=51161,localport=43594]: 
timestamp: 1437629530543
 -51  9  0  0  0  12  -15  -96  45  122 
 -101  93  0  42  0  6  1  20  0  -109 

from client [addr=/192.168.254.69,port=51161,localport=43594]: 
timestamp: 1437629530562
 127  5  12  67  0  124  12 
from client [addr=/192.168.254.69,port=51161,localport=43594]: 
timestamp: 1437629530702
 91  0  11  0  6  1  20  0  -109  8 
 123  12  -62  12  -128  27  -45 
from client [addr=/192.168.254.69,port=51161,localport=43594]: 
timestamp: 1437629530863
 96  0  -54  0  6  1  20  0  -109  81 
 123  12  -62  12  -128  27  -45 
from client [addr=/192.168.254.69,port=51161,localport=43594]: 
timestamp: 1437629531021
 -50  0  -118  0  6  1  20  0  -109  41 
 123  12  -62  12  -128  27  -45 
from server [addr=oldschool60.runescape.com/62.67.0.108,port=43333,localport=60818]: 
timestamp: 1437629531135
 -11  -1  -1  26  -1  -1  -2  4  12  -126 
 102  0  60  1  0  0  -106  0  8  -128 
 31  -4  32  119  25  -123  24  51  0  2 
 1  0  67  0  10  -80  -48  -115  1  -78 
 8  0  27  82  -62 
from client [addr=/192.168.254.69,port=51161,localport=43594]: 
timestamp: 1437629531203
 -84  0  126  0  6  1  20  0  -109  93 
 124  12  -62  12  -128  27  -46 
from client [addr=/192.168.254.69,port=51161,localport=43594]: 
timestamp: 1437629531402
 -13  0  -29  0  6  1  20  0  -109  -93 
 124  12  -62  12  -128  27  -46 
from client [addr=/192.168.254.69,port=51161,localport=43594]: 
timestamp: 1437629531582
 -127  0  49  0  6  1  19  0  -108  -84 
 124  12  -62  12  -128  27  -46 
from server [addr=oldschool60.runescape.com/62.67.0.108,port=43333,localport=60818]: 
timestamp: 1437629531733
 -35  -1  -1  -20  -1  -1  95  -1  -1  -98 
 -1  -1  -22  0  62  1  0  0  -75  0 
 8  -128  31  -4  32  121  25  -123  24  9 
 0  2  1  -80  -113  0  10  -80  -48  -115 
 0  -62  8  -1  27  83  -78 
from client [addr=/192.168.254.69,port=51161,localport=43594]: 
timestamp: 1437629531762
 -4  0  76  0  6  1  19  0  -108  42 
 123  12  -62  12  -128  27  -45 
from client [addr=/192.168.254.69,port=51161,localport=43594]: 
timestamp: 1437629531942
 105  0  -47  0  6  1  19  0  -108  15 
 123  12  -62  12  -128  27  -45 
from client [addr=/192.168.254.69,port=51161,localport=43594]: 
timestamp: 1437629532102
 116  0  -125  0  6  1  19  0  -108  26 
 123  12  -62  12  -128  27  -45 
from client [addr=/192.168.254.69,port=51161,localport=43594]: 
timestamp: 1437629532282
 5  0  45  0  6  1  19  0  -108  -45 
 123  12  -62  12  -128  27  -45 
from server [addr=oldschool60.runescape.com/62.67.0.108,port=43333,localport=60818]: 
timestamp: 1437629532345
 60  -1  -1  59  -1  -1  -13  4  12  -125 
 -20  0  60  1  0  0  55  0  12  1 
 0  0  0  13  0  97  117  0  98  103 
 0  -83  0  8  -128  31  -4  32  119  25 
 -123  24  -88  0  2  1  -84  65  0  10 
 -80  -48  -115  1  -78  8  0  27  82  -62 

from client [addr=/192.168.254.69,port=51161,localport=43594]: 
timestamp: 1437629532362
 87  9  0  0  0  13  -19  -83  55  23 
 -107 
from client [addr=/192.168.254.69,port=51161,localport=43594]: 
timestamp: 1437629532463
 40  0  -63  0  6  1  19  0  -108  100 
 124  12  -62  12  -128  27  -46 
from client [addr=/192.168.254.69,port=51161,localport=43594]: 
timestamp: 1437629532622
 -50  0  -100  0  6  1  19  0  -108  -82 
 124  12  -62  12  -128  27  -46 
from client [addr=/192.168.254.69,port=51161,localport=43594]: 
timestamp: 1437629532782
 -9  0  83  0  6  1  19  0  -108  -2 
 124  12  -62  12  -128  27  -46 
from client [addr=/192.168.254.69,port=51161,localport=43594]: 
timestamp: 1437629532961
 13  0  123  0  6  1  19  0  -108  15 
 124  12  -62  12  -128  27  -46 
from server [addr=oldschool60.runescape.com/62.67.0.108,port=43333,localport=60818]: 
timestamp: 1437629532970
 -68  -1  -1  -38  -1  -1  92  -1  -1  80 
 -1  -1  38  -1  -1  55  0  62  1  0 
 0  -13  0  8  -128  31  -4  32  121  25 
 -123  24  -37  0  2  1  0  52  0  10 
 -80  -48  -115  0  -62  8  -1  27  83  -78 

from client [addr=/192.168.254.69,port=51161,localport=43594]: 
timestamp: 1437629533122
 98  0  73  0  6  1  19  0  -108  16 
 123  12  -62  12  -128  27  -45 
from client [addr=/192.168.254.69,port=51161,localport=43594]: 
timestamp: 1437629533282
 -4  0  -46  0  6  1  19  0  -108  -121 
 123  12  -62  12  -128  27  -45 
from client [addr=/192.168.254.69,port=51161,localport=43594]: 
timestamp: 1437629533462
 -50  0  -89  0  6  1  19  0  -108  101 
 123  12  -62  12  -128  27  -45 
from server [addr=oldschool60.runescape.com/62.67.0.108,port=43333,localport=60818]: 
timestamp: 1437629533551
 -9  -1  -1  -98  -1  -1  -48  -1  -1  82 
 4  12  -124  -76  0  60  1  0  0  14 
 0  8  -128  31  -4  32  119  25  -123  24 
 -89  0  2  1  0  -119  0  10  -80  -48 
 -115  1  -78  8  0  27  82  -62 
from client [addr=/192.168.254.69,port=51161,localport=43594]: 
timestamp: 1437629533622
 99  0  12  0  6  1  19  0  -108  -103 
 124  12  -62  12  -128  27  -46 
from client [addr=/192.168.254.69,port=51161,localport=43594]: 
timestamp: 1437629533802
 113  0  76  0  6  1  19  0  -108  123 
 124  12  -62  12  -128  27  -46 
from client [addr=/192.168.254.69,port=51161,localport=43594]: 
timestamp: 1437629533962
 -20  0  -94  0  6  1  19  0  -108  64 
 124  12  -62  12  -128  27  -46 
from client [addr=/192.168.254.69,port=51161,localport=43594]: 
timestamp: 1437629534143
 24  0  -105  0  6  1  19  0  -108  -7 
 124  12  -62  12  -128  27  -46 
from server [addr=oldschool60.runescape.com/62.67.0.108,port=43333,localport=60818]: 
timestamp: 1437629534154
 19  -1  -1  -110  -1  -1  -84  -1  -1  -3 
 -1  -1  111  0  62  1  0  0  -85  0 
 11  1  0  0  0  14  0  101  108  0 
 119  0  113  0  8  -128  31  -4  32  121 
 25  -123  24  36  0  2  1  0  -71  0 
 10  -80  -48  -115  0  -62  8  -1  27  83 
 -78 
from client [addr=/192.168.254.69,port=51161,localport=43594]: 
timestamp: 1437629534162
 -5  9  0  0  0  14  -15  -110  27  24 
 25 
from client [addr=/192.168.254.69,port=51161,localport=43594]: 
timestamp: 1437629534322
 -3  0  106  0  6  1  19  0  -108  -6 
 123  12  -62  12  -128  27  -45 
from client [addr=/192.168.254.69,port=51161,localport=43594]: 
timestamp: 1437629534523
 52  0  -30  0  6  1  19  0  -108  98 
 123  12  -62  12  -128  27  -45 
from client [addr=/192.168.254.69,port=51161,localport=43594]: 
timestamp: 1437629534702
 -2  0  -65  0  6  1  19  0  -108  121 
 123  12  -62  12  -128  27  -45 
from server [addr=oldschool60.runescape.com/62.67.0.108,port=43333,localport=60818]: 
timestamp: 1437629534760
 72  -1  -1  122  -1  -1  38  -1  -1  127 
 -1  -1  -98  4  12  -123  47  0  60  1 
 0  0  -22  0  8  -128  31  -4  32  119 
 25  -123  24  65  0  2  1  0  88  0 
 10  -80  -48  -115  1  -78  8  0  27  82 
 -62 
from client [addr=/192.168.254.69,port=51161,localport=43594]: 
timestamp: 1437629534882
 -58  0  98  0  6  1  19  0  -108  26 
 124  12  -62  12  -128  27  -46 
from client [addr=/192.168.254.69,port=51161,localport=43594]: 
timestamp: 1437629535062
 117  0  -40  0  6  1  19  0  -108  13 
 124  12  -62  12  -128  27  -46 
from client [addr=/192.168.254.69,port=51161,localport=43594]: 
timestamp: 1437629535262
 -92  0  108  0  6  1  19  0  -108  41 
 124  12  -62  12  -128  27  -46 
from server [addr=oldschool60.runescape.com/62.67.0.108,port=43333,localport=60818]: 
timestamp: 1437629535369
 113  -1  -1  82  -1  -1  -40  0  62  1 
 0  0  43  0  8  -128  31  -4  32  121 
 25  -123  24  -79  0  2  1  0  -13  0 
 10  -80  -48  -115  0  -62  8  -1  27  83 
 -78 
from client [addr=/192.168.254.69,port=51161,localport=43594]: 
timestamp: 1437629535424
 -70  0  101  0  6  1  19  0  -108  22 
 123  12  -62  12  -128  27  -45 
from client [addr=/192.168.254.69,port=51161,localport=43594]: 
timestamp: 1437629535621
 -13  0  37  0  6  1  19  0  -108  -99 
 123  12  -62  12  -128  27  -45 
from client [addr=/192.168.254.69,port=51161,localport=43594]: 
timestamp: 1437629535783
 -19  0  62  0  6  1  19  0  -108  -9 
 123  12  -62  12  -128  27  -45 
from client [addr=/192.168.254.69,port=51161,localport=43594]: 
timestamp: 1437629535942
 -39  0  91  0  6  1  19  0  -108  98 
 123  12  -62  12  -128  27  -45 
from server [addr=oldschool60.runescape.com/62.67.0.108,port=43333,localport=60818]: 
timestamp: 1437629535955
 -13  -1  -1  -72  -1  -1  -37  -1  -1  -63 
 30  0  0  84  104  101  32  100  111  111 
 114  32  115  101  101  109  115  32  116  111 
 32  98  101  32  115  116  117  99  107  46 
 0  11  0  0  4  5  -116  4  -89  0 
 16  1  0  0  0  15  0  99  108  105 
 101  110  116  0  102  101  0  57  0  8 
 -128  31  -4  32  119  25  -123  24  -59  0 
 2  1  0 
from client [addr=/192.168.254.69,port=51161,localport=43594]: 
timestamp: 1437629535979
 60  9  0  0  0  15  -15  -117  0  41 
 88 
from client [addr=/192.168.254.69,port=51161,localport=43594]: 
timestamp: 1437629536122
 -115  0  -62  0  6  1  19  0  -108  -3 
 123  12  -62  12  -128  27  -45 
from client [addr=/192.168.254.69,port=51161,localport=43594]: 
timestamp: 1437629536303
 11  0  -65  0  6  1  19  0  -108  80 
 123  12  -62  12  -128  27  -45 
from client [addr=/192.168.254.69,port=51161,localport=43594]: 
timestamp: 1437629536482
 -102  0  118  0  6  1  19  0  -108  -113 
 123  12  -62  12  -128  27  -45 
from server [addr=oldschool60.runescape.com/62.67.0.108,port=43333,localport=60818]: 
timestamp: 1437629536569
 -97  -1  -1  -59  -1  -1  -55  -1  -1  -61 
 -1  -1  111  30  0  0  84  104  101  32 
 100  111  111  114  32  115  101  101  109  115 
 32  116  111  32  98  101  32  115  116  117 
 99  107  46  0  33  0  8  -128  31  -4 
 32  119  25  -123  24  -28  0  2  1  0 

from client [addr=/192.168.254.69,port=51161,localport=43594]: 
timestamp: 1437629536641
 127  0  -75  0  6  1  19  0  -108  56 
 123  12  -62  12  -128  27  -45 
from client [addr=/192.168.254.69,port=51161,localport=43594]: 
timestamp: 1437629536842
 63  0  34  0  6  1  19  0  -108  -102 
 123  12  -62  12  -128  27  -45 
from client [addr=/192.168.254.69,port=51161,localport=43594]: 
timestamp: 1437629537021
 -84  0  14  0  6  1  19  0  -108  -74 
 123  12  -62  12  -128  27  -45 
from client [addr=/192.168.254.69,port=51161,localport=43594]: 
timestamp: 1437629537182
 62  0  -110  0  6  1  19  0  -108  -90 
 123  12  -62  12  -128  27  -45 
from server [addr=oldschool60.runescape.com/62.67.0.108,port=43333,localport=60818]: 
timestamp: 1437629537189
 18  -1  -1  92  -1  -1  2  -1  -1  80 
 30  0  0  84  104  101  32  100  111  111 
 114  32  115  101  101  109  115  32  116  111 
 32  98  101  32  115  116  117  99  107  46 
 0  43  0  8  -128  31  -4  32  119  25 
 -123  24  86  0  2  1  -80 
from client [addr=/192.168.254.69,port=51161,localport=43594]: 
timestamp: 1437629537361
 -61  0  94  0  6  1  19  0  -108  -28 
 123  12  -62  12  -128  27  -45 
from client [addr=/192.168.254.69,port=51161,localport=43594]: 
timestamp: 1437629537541
 -106  0  -58  0  6  1  19  0  -108  -37 
 123  12  -62  12  -128  27  -45 
from client [addr=/192.168.254.69,port=51161,localport=43594]: 
timestamp: 1437629537721
 -93  0  119  0  6  1  19  0  -108  -96 
 123  12  -62  12  -128  27  -45 
from server [addr=oldschool60.runescape.com/62.67.0.108,port=43333,localport=60818]: 
timestamp: 1437629537753
 69  -1  -1  102  -1  -1  114  -1  -1  -29 
 30  0  0  84  104  101  32  100  111  111 
 114  32  115  101  101  109  115  32  116  111 
 32  98  101  32  115  116  117  99  107  46 
 0  -113  0  12  1  0  0  0  16  2 
 102  104  0  99  99  0  113  0  8  -128 
 31  -4  32  119  25  -123  24  9  0  2 
 1  -84 
from client [addr=/192.168.254.69,port=51161,localport=43594]: 
timestamp: 1437629537780
 -45  13  0  0  0  16  0  0  0  0 
 1  -110  -40  38  -93 
from client [addr=/192.168.254.69,port=51161,localport=43594]: 
timestamp: 1437629537922
 69  0  -114  0  6  1  19  0  -108  -39 
 123  12  -62  12  -128  27  -45 
from client [addr=/192.168.254.69,port=51161,localport=43594]: 
timestamp: 1437629538122
 -83  0  121  0  6  1  19  0  -108  46 
 123  12  -62  12  -128  27  -45 
from client [addr=/192.168.254.69,port=51161,localport=43594]: 
timestamp: 1437629538321
 -35  0  107  0  6  1  19  0  -108  -88 
 123  12  -62  12  -128  27  -45 
from server [addr=oldschool60.runescape.com/62.67.0.108,port=43333,localport=60818]: 
timestamp: 1437629538361
 72  -1  -1  -53  -1  -1  102  -1  -1  15 
 -1  -1  -71  -1  -1  11  30  0  0  84 
 104  101  32  100  111  111  114  32  115  101 
 101  109  115  32  116  111  32  98  101  32 
 115  116  117  99  107  46  0  51  0  8 
 -128  31  -4  32  119  25  -123  24  96  0 
 2  1  0 
from client [addr=/192.168.254.69,port=51161,localport=43594]: 
timestamp: 1437629538501
 -53  0  -29  0  6  1  19  0  -108  -83 
 123  12  -62  12  -128  27  -45 
from client [addr=/192.168.254.69,port=51161,localport=43594]: 
timestamp: 1437629538682
 118  0  -102  0  6  1  19  0  -108  22 
 123  12  -62  12  -128  27  -45 
from client [addr=/192.168.254.69,port=51161,localport=43594]: 
timestamp: 1437629538882
 -124  0  -120  0  6  1  19  0  -108  -73 
 123  12  -62  12  -128  27  -45 
from server [addr=oldschool60.runescape.com/62.67.0.108,port=43333,localport=60818]: 
timestamp: 1437629538960
 1  -1  -1  -24  -1  -1  -45  30  0  0 
 84  104  101  32  100  111  111  114  32  115 
 101  101  109  115  32  116  111  32  98  101 
 32  115  116  117  99  107  46  0  -38  0 
 8  -128  31  -4  32  119  25  -123  24  64 
 0  2  1  0 
from client [addr=/192.168.254.69,port=51161,localport=43594]: 
timestamp: 1437629539063
 48  0  18  0  6  1  19  0  -108  -70 
 123  12  -62  12  -128  27  -45 
from client [addr=/192.168.254.69,port=51161,localport=43594]: 
timestamp: 1437629539223
 116  0  87  0  6  1  19  0  -108  -8 
 123  12  -62  12  -128  27  -45 
from client [addr=/192.168.254.69,port=51161,localport=43594]: 
timestamp: 1437629539401
 -29  0  82  0  6  1  19  0  -108  -2 
 123  12  -62  12  -128  27  -45 
from server [addr=oldschool60.runescape.com/62.67.0.108,port=43333,localport=60818]: 
timestamp: 1437629539574
 -35  -1  -1  -48  -1  -1  -89  -1  -1  -22 
 -1  -1  -4  30  0  0  84  104  101  32 
 100  111  111  114  32  115  101  101  109  115 
 32  116  111  32  98  101  32  115  116  117 
 99  107  46  0  -80  0  25  1  0  0 
 0  17  4  102  98  0  112  0  3  102 
 102  0  102  102  0  73  0  118  111  105 
 100  0  -123  0  8  -128  31  -4  32  119 
 25  -123  24  -122  0  2  1  0 
from client [addr=/192.168.254.69,port=51161,localport=43594]: 
timestamp: 1437629539599
 -101  13  0  0  0  17  0  0  0  0 
 9  87  95  125  52 
from client [addr=/192.168.254.69,port=51161,localport=43594]: 
timestamp: 1437629539612
 78  0  -24  0  8  1  19  0  -108  96 
 123  12  -62  12  -128  27  -45 
from client [addr=/192.168.254.69,port=51161,localport=43594]: 
timestamp: 1437629539741
 97  0  -12  0  4  1  19  0  -108  55 
 123  12  -62  12  -128  27  -45 
from client [addr=/192.168.254.69,port=51161,localport=43594]: 
timestamp: 1437629539921
 -116  0  -102  0  6  1  19  0  -108  109 
 123  12  -62  12  -128  27  -45 
from client [addr=/192.168.254.69,port=51161,localport=43594]: 
timestamp: 1437629540122
 -117  0  81  0  6  1  19  0  -108  22 
 123  12  -62  12  -128  27  -45 
from server [addr=oldschool60.runescape.com/62.67.0.108,port=43333,localport=60818]: 
timestamp: 1437629540184
 25  -1  -1  89  -1  -1  -9  -1  -1  78 
 -1  -1  35  30  0  0  84  104  101  32 
 100  111  111  114  32  115  101  101  109  115 
 32  116  111  32  98  101  32  115  116  117 
 99  107  46  0  103  0  8  -128  31  -4 
 32  119  25  -123  24  -32  0  2  1  -80 

from client [addr=/192.168.254.69,port=51161,localport=43594]: 
timestamp: 1437629540302
 11  0  125  0  6  1  19  0  -108  99 
 123  12  -62  12  -128  27  -45 
from client [addr=/192.168.254.69,port=51161,localport=43594]: 
timestamp: 1437629540482
 17  0  -122  0  6  1  19  0  -108  49 
 123  12  -62  12  -128  27  -45 
from client [addr=/192.168.254.69,port=51161,localport=43594]: 
timestamp: 1437629540641
 -89  0  -16  0  6  1  19  0  -108  120 
 123  12  -62  12  -128  27  -45 
from server [addr=oldschool60.runescape.com/62.67.0.108,port=43333,localport=60818]: 
timestamp: 1437629540776
 -82  -1  -1  -15  -1  -1  84  -1  -1  -119 
 30  0  0  84  104  101  32  100  111  111 
 114  32  115  101  101  109  115  32  116  111 
 32  98  101  32  115  116  117  99  107  46 
 0  -30  0  8  -128  31  -4  32  119  25 
 -123  24  -87  0  2  1  -80 
from client [addr=/192.168.254.69,port=51161,localport=43594]: 
timestamp: 1437629540841
 -36  0  6  0  6  1  19  0  -108  -49 
 123  12  -62  12  -128  27  -45 
from client [addr=/192.168.254.69,port=51161,localport=43594]: 
timestamp: 1437629541022
 95  0  65  0  6  1  19  0  -108  -1 
 123  12  -62  12  -128  27  -45 
from client [addr=/192.168.254.69,port=51161,localport=43594]: 
timestamp: 1437629541202
 39  0  -115  0  6  1  19  0  -108  48 
 123  12  -62  12  -128  27  -45 
from server [addr=oldschool60.runescape.com/62.67.0.108,port=43333,localport=60818]: 
timestamp: 1437629541371
 -84  -1  -1  -42  -1  -1  115  -1  -1  -36 
 30  0  0  84  104  101  32  100  111  111 
 114  32  115  101  101  109  115  32  116  111 
 32  98  101  32  115  116  117  99  107  46 
 0  50  0  11  1  0  0  0  18  2 
 98  103  0  109  0  108  0  8  -128  31 
 -4  32  119  25  -123  24  -26  0  2  1 
 0 
from client [addr=/192.168.254.69,port=51161,localport=43594]: 
timestamp: 1437629541401
 75  13  0  0  0  18  0  0  0  0 
 0  -88  23  -73  62  67  0  -23  0  6 
 1  19  0  -108  -65  123  12  -62  12  -128 
 27  -45 
from client [addr=/192.168.254.69,port=51161,localport=43594]: 
timestamp: 1437629541562
 -35  0  19  0  6  1  19  0  -108  -2 
 123  12  -62  12  -128  27  -45 
from client [addr=/192.168.254.69,port=51161,localport=43594]: 
timestamp: 1437629541722
 77  0  -118  0  6  1  19  0  -108  -48 
 123  12  -62  12  -128  27  -45 
from client [addr=/192.168.254.69,port=51161,localport=43594]: 
timestamp: 1437629541862
 -82  0  -11  0  4  1  19  0  -108  55 
 123  12  -62  12  -128  27  -45 
from server [addr=oldschool60.runescape.com/62.67.0.108,port=43333,localport=60818]: 
timestamp: 1437629541987
 30  -1  -1  41  -1  -1  26  -1  -1  -89 
 -1  -1  65  30  0  0  84  104  101  32 
 100  111  111  114  32  115  101  101  109  115 
 32  116  111  32  98  101  32  115  116  117 
 99  107  46  0  54  0  8  -128  31  -4 
 32  119  25  -123  24  55  0  2  1  0 

from client [addr=/192.168.254.69,port=51161,localport=43594]: 
timestamp: 1437629542562
 47  0 
from server [addr=oldschool60.runescape.com/62.67.0.108,port=43333,localport=60818]: 
timestamp: 1437629542580
 105  -1  -1  -76  30  0  0  84  104  101 
 32  100  111  111  114  32  115  101  101  109 
 115  32  116  111  32  98  101  32  115  116 
 117  99  107  46  0  -108  0  8  -128  31 
 -4  32  119  25  -123  24  120  0  2  1 
 0 
from server [addr=oldschool60.runescape.com/62.67.0.108,port=43333,localport=60818]: 
timestamp: 1437629543230
 -33  0  12  1  0  0  0  19  2  100 
 109  0  98  106  0  -63  0  2  0  0 
 37  0  2  1  -84 
from client [addr=/192.168.254.69,port=51161,localport=43594]: 
timestamp: 1437629543242
 116  13  0  0  0  19  0  0  0  0 
 8  109  -112  -20  -87 
from server [addr=oldschool60.runescape.com/62.67.0.108,port=43333,localport=60818]: 
timestamp: 1437629543866
 63  0  2  0  0  121  0  2  1  -84 

from client [addr=/192.168.254.69,port=51161,localport=43594]: 
timestamp: 1437629543882
 -103  10  -57  -103  -39  63  -123  -61  -114  -121 
 -1  -1 
from server [addr=oldschool60.runescape.com/62.67.0.108,port=43333,localport=60818]: 
timestamp: 1437629544415
 -59  0  2  0  0  85  0  2  1  0 

from client [addr=/192.168.254.69,port=51161,localport=43594]: 
timestamp: 1437629544901
 -121 
from server [addr=oldschool60.runescape.com/62.67.0.108,port=43333,localport=60818]: 
timestamp: 1437629545028
 30  0  12  1  0  0  0  20  0  103 
 107  0  99  108  0  110  0  2  0  0 
 40  0  2  1  0 
from client [addr=/192.168.254.69,port=51161,localport=43594]: 
timestamp: 1437629545042
 112  9  0  0  0  20  -15  34  54  -30 
 -62 
from server [addr=oldschool60.runescape.com/62.67.0.108,port=43333,localport=60818]: 
timestamp: 1437629545635
 -114  0  2  0  0  22  0  2  1  0 

from client [addr=/192.168.254.69,port=51161,localport=43594]: 
timestamp: 1437629545881
 36  0 
