from client [addr=/192.168.254.69,port=60152,localport=43594]: 
timestamp: 1438400685038
 63  8  -59  73  -4  -22  7  -97  8  31 
 111  2  101  0  -26  0  -88  -111  1 
from server [addr=oldschool60.runescape.com/62.67.0.108,port=43333,localport=35705]: 
timestamp: 1438400685049
 -81  0  2  0  0  -94  0  7  20  0 
 -79  112  61  -114  84  124  65 
from server [addr=oldschool60.runescape.com/62.67.0.108,port=43333,localport=35705]: 
timestamp: 1438400685655
 -112  0  2  0  0  -1  0  11  18  0 
 56  -84  82  30  -117  -60  -11  52  -16 
from client [addr=/192.168.254.69,port=60152,localport=43594]: 
timestamp: 1438400685736
 -113  16  -64  106  17  -48  7  -25  8  37 
 8  39  8  34  8  37  8  35  -21  0 
 26  0  -30  0  -50  -16  15  -54  0 
from client [addr=/192.168.254.69,port=60152,localport=43594]: 
timestamp: 1438400686076
 -30  8  104  30  8  81  7  -52  7  -39 
 -51  0  13  0  -31  0  -95 
from server [addr=oldschool60.runescape.com/62.67.0.108,port=43333,localport=35705]: 
timestamp: 1438400686257
 -60  -1  -1  -57  40  105  0  89  111  117 
 32  97  116  116  101  109  112  116  32  116 
 111  32  112  105  99  107  32  116  104  101 
 32  109  97  110  39  115  32  112  111  99 
 107  101  116  46  0  -30  0  11  1  0 
 0  0  -61  2  99  122  0  106  0  -62 
 0  6  -128  31  -4  1  -54  15  -74  0 
 6  18  82  0  20  20  -128 
from client [addr=/192.168.254.69,port=60152,localport=43594]: 
timestamp: 1438400686295
 -120  13  0  0  0  -61  0  0  0  0 
 0  113  117  120  -76 
from client [addr=/192.168.254.69,port=60152,localport=43594]: 
timestamp: 1438400686536
 -42  8  8  31  23  -90  7  122  8  37 
 111  0  18  0  -36  0  -58  3  15  -54 
 0 
from client [addr=/192.168.254.69,port=60152,localport=43594]: 
timestamp: 1438400686836
 -110  6  120  28  8  72  8  23  90  0 
 13  0  -35  0  -98 
from server [addr=oldschool60.runescape.com/62.67.0.108,port=43333,localport=35705]: 
timestamp: 1438400686840
 73  37  105  0  89  111  117  32  102  97 
 105  108  32  116  111  32  112  105  99  107 
 32  116  104  101  32  109  97  110  39  115 
 32  112  111  99  107  101  116  46  0  127 
 59  0  0  72  46  65  46  77  46  32 
 77  101  109  98  101  114  58  32  87  101 
 32  100  101  97  108  32  104  97  114  115 
 104  108  121  32  119  105  116  104  32  116 
 104  105  101  118  101  115  32  97  114  111 
 117  110  100  32  104  101  114  101  33  0 
 116  0  6  -128  31  -4  1  127  -1  1 
 0  59  18  2  64  82  80  63  -1  -128 
 24  24  -37  -65  75  4  121  0  -128  87 
 101  32  100  101  97  108  32  104  97  114 
 115  104  108  121  32  119  105  116  104  32 
 116  104  105  101  118  101  115  32  97  114 
 111  117  110  100  32  104  101  114  101  33 
 0 
from server [addr=oldschool60.runescape.com/62.67.0.108,port=43333,localport=35705]: 
timestamp: 1438400687455
 48  46  0  0  64  0  0  31  45  105 
 0  89  111  117  32  102  101  101  108  32 
 115  108  105  103  104  116  108  121  32  99 
 111  110  99  117  115  115  101  100  32  102 
 114  111  109  32  116  104  101  32  98  108 
 111  119  46  0  111  2  9  1  0  20 
 -26  23  0  0  89  111  117  39  118  101 
 32  98  101  101  110  32  115  116  117  110 
 110  101  100  33  0  66  -1  -1  84  0 
 19  -128  31  -4  -48  1  -127  0  -127  47 
 -80  0  -11  0  0  124  0  -109  1  -128 
 121  0  16  18  -79  72  16  20  -105  -84 
 63  -1  -128  20  1  -90  0  -127  -38  -18 
 81  1  0  -68  94  -125 
from client [addr=/192.168.254.69,port=60152,localport=43594]: 
timestamp: 1438400687836
 -19  22  8  29  24  41  8  57  8  -75 
 8  33  40  96  8  -101  8  93  24  95 
 8  92  8  93  -6  0  40  0  -26  0 
 -58  -107  15  -54  0 
from server [addr=oldschool60.runescape.com/62.67.0.108,port=43333,localport=35705]: 
timestamp: 1438400688072
 14  0  12  1  0  0  0  -60  2  98 
 103  0  97  110  0  25  0  2  0  0 
 102  0  16  18  -79  -56  64  82  94  63 
 -1  -128  16  4  121  0  4  -1  -1 
from client [addr=/192.168.254.69,port=60152,localport=43594]: 
timestamp: 1438400688076
 51  13  0  0  0  -60  0  0  0  0 
 8  98  -85  -64  62 
from client [addr=/192.168.254.69,port=60152,localport=43594]: 
timestamp: 1438400688095
 -35  8  120  31  8  18  7  -53  7  -35 
 -76  0  9  0  -28  0  -97 
from server [addr=oldschool60.runescape.com/62.67.0.108,port=43333,localport=35705]: 
timestamp: 1438400688652
 -96  -1  -1  -90  18  0  0  89  111  117 
 39  114  101  32  115  116  117  110  110  101 
 100  33  0  122  -1  -1  -55  -1  -1  -27 
 18  105  0  89  111  117  39  114  101  32 
 115  116  117  110  110  101  100  33  0  116 
 0  6  -128  31  -4  1  -54  15  121  0 
 22  17  34  -80  44  41  47  3  -45  -48 
 -98  -124  65  -1  -4  24  24  -37  -65  75 
 4  121  0 
from client [addr=/192.168.254.69,port=60152,localport=43594]: 
timestamp: 1438400688916
 57  14  23  104  7  54  8  36  8  33 
 87  -30  7  36  7  -92  -80  0  32  0 
 -42  0  -52  49  15  -54  0 
from client [addr=/192.168.254.69,port=60152,localport=43594]: 
timestamp: 1438400689176
 -123  6  88  -102  9  -62  8  -108  -74  0 
 11  0  -31  0  -103 
from server [addr=oldschool60.runescape.com/62.67.0.108,port=43333,localport=35705]: 
timestamp: 1438400689255
 99  -1  -1  18  18  0  0  89  111  117 
 39  114  101  32  115  116  117  110  110  101 
 100  33  0  125  -1  -1  24  -1  -1  -81 
 18  105  0  89  111  117  39  114  101  32 
 115  116  117  110  110  101  100  33  0  -28 
 0  2  0  0  49  0  12  18  -96  43 
 7  11  -59  -127  -24  96  79  83  49 
from client [addr=/192.168.254.69,port=60152,localport=43594]: 
timestamp: 1438400689556
 -85  9  8  29  -118  41  -81  7  -20  8 
 33  21  0  14  0  -39  0  -58  17  15 
 -54  0 
from client [addr=/192.168.254.69,port=60152,localport=43594]: 
timestamp: 1438400689756
 -43  6  72  30  10  65  8  -104  -72  0 
 9  0  -28  0  -100 
from server [addr=oldschool60.runescape.com/62.67.0.108,port=43333,localport=35705]: 
timestamp: 1438400689863
 47  -1  -1  -89  18  0  0  89  111  117 
 39  114  101  32  115  116  117  110  110  101 
 100  33  0  -13  -1  -1  90  -1  -1  12 
 18  105  0  89  111  117  39  114  101  32 
 115  116  117  110  110  101  100  33  0  -28 
 0  22  1  0  0  0  -59  4  97  115 
 0  100  102  0  2  73  0  73  0  118 
 111  105  100  0  -15  0  2  0  0  32 
 0  10  18  -96  43  11  21  -106  -108  11 
 20  -128  -93  66 
from client [addr=/192.168.254.69,port=60152,localport=43594]: 
timestamp: 1438400689895
 -21  13  0  0  0  -59  0  0  0  0 
 24  -76  64  3  -1 
from client [addr=/192.168.254.69,port=60152,localport=43594]: 
timestamp: 1438400690156
 28  10  8  31  7  -90  6  -15  7  50 
 7  -30  86  0  14  0  -40  0  -57  69 
 15  -54  0 
from client [addr=/192.168.254.69,port=60152,localport=43594]: 
timestamp: 1438400690376
 120  4  88  -52  8  -112  -10  0  9  0 
 -35  0  -96 
from server [addr=oldschool60.runescape.com/62.67.0.108,port=43333,localport=35705]: 
timestamp: 1438400690495
 121  0  6  -128  31  -4  1  127  -1  -46 
 0  8  18  -84  45  5  1  88  -75  72 

from client [addr=/192.168.254.69,port=60152,localport=43594]: 
timestamp: 1438400690716
 73  8  8  29  22  62  7  -20  8  33 
 24  0  12  0  -44  0  -53  -24  15  -54 
 0 
from client [addr=/192.168.254.69,port=60152,localport=43594]: 
timestamp: 1438400690956
 -114  6  72  31  9  -56  8  -41  -57  0 
 9  0  -34  0  -88 
from server [addr=oldschool60.runescape.com/62.67.0.108,port=43333,localport=35705]: 
timestamp: 1438400691086
 -34  -1  -1  17  -1  -1  72  18  0  0 
 89  111  117  39  114  101  32  115  116  117 
 110  110  101  100  33  0  -64  -1  -1  -75 
 -1  -1  90  18  105  0  89  111  117  39 
 114  101  32  115  116  117  110  110  101  100 
 33  0  -9  0  6  -128  31  -4  1  -54 
 15  100  0  13  18  11  1  64  86  43 
 82  30  101  4  -10  -94  -96 
from client [addr=/192.168.254.69,port=60152,localport=43594]: 
timestamp: 1438400691256
 -120  7  8  31  -118  101  109  7  -25  120 
 0  12  0  -45  0  -44  97  15  -54  0 

from client [addr=/192.168.254.69,port=60152,localport=43594]: 
timestamp: 1438400691536
 -52  4  88  9  8  -122  3  0  11  0 
 -43  0  -95 
from server [addr=oldschool60.runescape.com/62.67.0.108,port=43333,localport=35705]: 
timestamp: 1438400691700
 -9  -1  -1  -89  18  0  0  89  111  117 
 39  114  101  32  115  116  117  110  110  101 
 100  33  0  -3  -1  -1  -44  -1  -1  90 
 40  105  0  89  111  117  32  97  116  116 
 101  109  112  116  32  116  111  32  112  105 
 99  107  32  116  104  101  32  109  97  110 
 39  115  32  112  111  99  107  101  116  46 
 0  -52  0  19  1  0  0  0  -58  4 
 104  111  0  110  0  1  74  0  118  111 
 105  100  0  -25  0  2  0  0  -20  0 
 6  19  1  120  3  -48  -80 
from client [addr=/192.168.254.69,port=60152,localport=43594]: 
timestamp: 1438400691735
 -13  13  0  0  0  -58  0  0  0  0 
 16  60  15  -7  99 
from client [addr=/192.168.254.69,port=60152,localport=43594]: 
timestamp: 1438400692076
 -70  14  8  30  8  38  6  -6  7  -75 
 40  31  8  93  8  -40  -86  0  22  0 
 -46  0  -54  -40  15  -54  0 
from server [addr=oldschool60.runescape.com/62.67.0.108,port=43333,localport=35705]: 
timestamp: 1438400692305
 127  37  105  0  89  111  117  32  102  97 
 105  108  32  116  111  32  112  105  99  107 
 32  116  104  101  32  109  97  110  39  115 
 32  112  111  99  107  101  116  46  0  61 
 47  0  0  72  46  65  46  77  46  32 
 77  101  109  98  101  114  58  32  83  116 
 111  112  33  32  73  114  111  110  32  82 
 101  101  112  99  97  32  105  115  32  97 
 32  116  104  105  101  102  33  0  -3  0 
 6  -128  31  -4  1  127  -1  110  0  40 
 18  2  94  28  122  86  63  -1  -128  -128 
 83  116  111  112  33  32  73  114  111  110 
 32  82  101  101  112  99  97  32  105  115 
 32  97  32  116  104  105  101  102  33  0 

from client [addr=/192.168.254.69,port=60152,localport=43594]: 
timestamp: 1438400692344
 6  4  89  -110  10  14  84  0  11  0 
 -29  0  -95 
from client [addr=/192.168.254.69,port=60152,localport=43594]: 
timestamp: 1438400692756
 -128  10  8  -41  23  -7  7  112  7  -29 
 24  30  -80  0  16  0  -34  0  -53  -90 
 15  -54  0 
from server [addr=oldschool60.runescape.com/62.67.0.108,port=43333,localport=35705]: 
timestamp: 1438400692896
 44  51  105  0  89  111  117  114  32  97 
 103  105  108  105  116  121  32  104  101  108 
 112  115  32  121  111  117  32  112  97  114 
 116  105  97  108  108  121  32  97  118  111 
 105  100  32  116  104  101  32  98  108  111 
 119  46  0  -99  2  7  1  0  20  -50 
 23  0  0  89  111  117  39  118  101  32 
 98  101  101  110  32  115  116  117  110  110 
 101  100  33  0  103  -1  -1  -108  0  19 
 -128  31  -4  -48  1  -125  0  -127  44  -80 
 0  -11  0  0  124  0  -109  1  -128  -17 
 0  13  16  2  92  2  -109  -1  -8  20 
 1  -90  0  -127  -38  -50  84  1  0  -68 
 94  -125 
from client [addr=/192.168.254.69,port=60152,localport=43594]: 
timestamp: 1438400692976
 -87  6  56  27  8  -118  8  7  44  0 
 9  0  -32  0  -106 
from client [addr=/192.168.254.69,port=60152,localport=43594]: 
timestamp: 1438400693336
 88  10  8  31  7  -89  7  50  7  -81 
 8  33  -111  0  14  0  -40  0  -65  -112 
 15  -54  0 
from server [addr=oldschool60.runescape.com/62.67.0.108,port=43333,localport=35705]: 
timestamp: 1438400693486
 -50  -1  -1  6  0  20  1  0  0  0 
 -57  4  98  109  0  110  0  3  73  0 
 73  0  70  0  70  0  66  0  2  0 
 0  18  0  10  16  2  88  46  3  -1 
 -8  4  -1  -1 
from client [addr=/192.168.254.69,port=60152,localport=43594]: 
timestamp: 1438400693496
 20  13  0  0  0  -57  0  0  0  0 
 0  -22  -28  58  -94 
from client [addr=/192.168.254.69,port=60152,localport=43594]: 
timestamp: 1438400693576
 -39  6  72  30  8  -51  9  80  27  0 
 9  0  -32  0  -103 
from client [addr=/192.168.254.69,port=60152,localport=43594]: 
timestamp: 1438400693956
 -61  8  8  31  7  113  7  -75  8  37 
 -64  0  14  0  -37  0  -60  32  15  -54 
 0 
from server [addr=oldschool60.runescape.com/62.67.0.108,port=43333,localport=35705]: 
timestamp: 1438400694099
 25  -1  -1  4  18  0  0  89  111  117 
 39  114  101  32  115  116  117  110  110  101 
 100  33  0  96  -1  -1  76  -1  -1  -128 
 18  105  0  89  111  117  39  114  101  32 
 115  116  117  110  110  101  100  33  0  -78 
 0  6  -128  31  -4  1  -54  15  73  0 
 5  16  1  96  -76  0 
from client [addr=/192.168.254.69,port=60152,localport=43594]: 
timestamp: 1438400694176
 53  6  88  28  8  -116  8  -49  -77  0 
 9  0  -32  0  -101 
from client [addr=/192.168.254.69,port=60152,localport=43594]: 
timestamp: 1438400694516
 110  6  22  115  6  -11  7  -91  -106  0 
 12  0  -46  0  -56  -95  15  -54  0 
from server [addr=oldschool60.runescape.com/62.67.0.108,port=43333,localport=35705]: 
timestamp: 1438400694669
 13  -1  -1  37  18  0  0  89  111  117 
 39  114  101  32  115  116  117  110  110  101 
 100  33  0  -23  -1  -1  24  -1  -1  79 
 18  105  0  89  111  117  39  114  101  32 
 115  116  117  110  110  101  100  33  0  -91 
 0  2  0  0  111  0  12  16  16  82 
 -92  -72  15  -1  -32  16  4  121  0  55 
 67 
from client [addr=/192.168.254.69,port=60152,localport=43594]: 
timestamp: 1438400694776
 0  8  72  -100  8  -45  8  -61  8  90 
 92  0  11  0  -37  0  -108 
from client [addr=/192.168.254.69,port=60152,localport=43594]: 
timestamp: 1438400695036
 65  6  7  -27  7  111  7  110  -87  0 
 10  0  -44  0  -74  119  15  -54  0 
from server [addr=oldschool60.runescape.com/62.67.0.108,port=43333,localport=35705]: 
timestamp: 1438400695290
 42  -1  -1  106  18  0  0  89  111  117 
 39  114  101  32  115  116  117  110  110  101 
 100  33  0  97  -1  -1  52  -1  -1  102 
 18  105  0  89  111  117  39  114  101  32 
 115  116  117  110  110  101  100  33  0  -116 
 0  10  1  0  0  0  -56  0  112  0 
 97  0  13  0  2  0  0  -10  0  5 
 16  0  -92  -72  0  55  83  1  0  -68 
 94  -125 
from client [addr=/192.168.254.69,port=60152,localport=43594]: 
timestamp: 1438400695314
 -115  9  0  0  0  -56  -15  15  -69  104 
 -47 
from client [addr=/192.168.254.69,port=60152,localport=43594]: 
timestamp: 1438400695356
 8  6  88  -102  9  -49  9  24  13  0 
 13  0  -31  0  -107 
from client [addr=/192.168.254.69,port=60152,localport=43594]: 
timestamp: 1438400695676
 107  8  8  30  23  -84  6  54  8  33 
 29  0  12  0  -41  0  -72  22  15  -54 
 0 
from server [addr=oldschool60.runescape.com/62.67.0.108,port=43333,localport=35705]: 
timestamp: 1438400695858
 -10  -1  -1  49  18  0  0  89  111  117 
 39  114  101  32  115  116  117  110  110  101 
 100  33  0  -95  -1  -1  -62  -1  -1  71 
 18  105  0  89  111  117  39  114  101  32 
 115  116  117  110  110  101  100  33  0  96 
 0  2  0  0  105  0  5  16  0  -92 
 -96  0 
from client [addr=/192.168.254.69,port=60152,localport=43594]: 
timestamp: 1438400695936
 71  6  72  31  9  17  9  78  -115  0 
 11  0  -32  0  -107 
from client [addr=/192.168.254.69,port=60152,localport=43594]: 
timestamp: 1438400696196
 -128  8  8  31  7  -87  6  -14  7  -85 
 80  0  10  0  -41  0  -69  -66  15  -54 
 0 
from client [addr=/192.168.254.69,port=60152,localport=43594]: 
timestamp: 1438400696476
 59  6  72  -105  9  -58  8  30  71  0 
 11  0  -32  0  -106 
from server [addr=oldschool60.runescape.com/62.67.0.108,port=43333,localport=35705]: 
timestamp: 1438400696482
 -90  -1  -1  -33  18  0  0  89  111  117 
 39  114  101  32  115  116  117  110  110  101 
 100  33  0  31  -1  -1  -53  -1  -1  -124 
 18  105  0  89  111  117  39  114  101  32 
 115  116  117  110  110  101  100  33  0  23 
 0  2  0  0  -66  0  5  16  0  40 
 5  -96 
from client [addr=/192.168.254.69,port=60152,localport=43594]: 
timestamp: 1438400696696
 -118  4  22  -11  7  -86  96  0  8  0 
 -39  0  -75  -35  74  15  -128 
from client [addr=/192.168.254.69,port=60152,localport=43594]: 
timestamp: 1438400696996
 26  4  88  -50  8  83  50  0  13  0 
 -35  0  -107 
from server [addr=oldschool60.runescape.com/62.67.0.108,port=43333,localport=35705]: 
timestamp: 1438400697044
 -34  -1  -1  79  18  0  0  89  111  117 
 39  114  101  32  115  116  117  110  110  101 
 100  33  0  43  -1  -1  97  -1  -1  -108 
 40  105  0  89  111  117  32  97  116  116 
 101  109  112  116  32  116  111  32  112  105 
 99  107  32  116  104  101  32  109  97  110 
 39  115  32  112  111  99  107  101  116  46 
 0  56  0  14  1  0  0  0  -55  4 
 98  121  0  114  0  0  73  0  79  0 
 2  0  0  -8  0  6  16  -32  11  66 
 -27  -96 
from client [addr=/192.168.254.69,port=60152,localport=43594]: 
timestamp: 1438400697072
 -121  13  0  0  0  -55  0  0  0  4 
 4  -77  -17  90  -49 
from client [addr=/192.168.254.69,port=60152,localport=43594]: 
timestamp: 1438400697296
 72  8  8  31  23  117  7  52  7  -22 
 -43  0  10  0  -43  0  -56 
from client [addr=/192.168.254.69,port=60152,localport=43594]: 
timestamp: 1438400697656
 -9  8  72  -105  9  14  9  16  8  31 
 -120  0  15  0  -33  0  -100 
from server [addr=oldschool60.runescape.com/62.67.0.108,port=43333,localport=35705]: 
timestamp: 1438400697688
 -101  29  105  0  89  111  117  32  112  105 
 99  107  32  116  104  101  32  109  97  110 
 39  115  32  112  111  99  107  101  116  46 
 0  -41  10  21  1  0  0  92  22  105 
 0  89  111  117  32  115  116  101  97  108 
 32  97  32  110  101  101  100  108  101  46 
 0  -15  0  9  -128  31  -4  17  127  -1 
 113  3  -128  -92  0  16  15  64  41  82 
 23  -65  -1  -16  24  24  -37  -65  75  4 
 121  0  -85  0  10  0  -107  0  0  0 
 93  5  6  -58  1  -86  75  2  0  119 
 24  -111 
from client [addr=/192.168.254.69,port=60152,localport=43594]: 
timestamp: 1438400698036
 88  6  22  -14  6  -14  7  -28  3  0 
 14  0  -44  0  -60  -67  15  -54  0 
from server [addr=oldschool60.runescape.com/62.67.0.108,port=43333,localport=35705]: 
timestamp: 1438400698249
 19  0  2  0  0  -125  0  21  14  8 
 86  -95  -59  -31  -26  -48  79  98  36  -1 
 -2  24  24  -37  -65  75  4  121  0 
from client [addr=/192.168.254.69,port=60152,localport=43594]: 
timestamp: 1438400698256
 -108  4  106  5  8  -48  -23  0  9  0 
 -32  0  -107 
from client [addr=/192.168.254.69,port=60152,localport=43594]: 
timestamp: 1438400698776
 -3  8  8  92  22  55  7  -86  8  35 
 -121  0  20  0  -42  0  -71  85  15  -54 
 0 
from server [addr=oldschool60.runescape.com/62.67.0.108,port=43333,localport=35705]: 
timestamp: 1438400698863
 41  -1  -1  7  40  105  0  89  111  117 
 32  97  116  116  101  109  112  116  32  116 
 111  32  112  105  99  107  32  116  104  101 
 32  109  97  110  39  115  32  112  111  99 
 107  101  116  46  0  -11  0  12  1  0 
 0  0  -54  2  99  108  0  97  112  0 
 6  0  6  -128  31  -4  1  -54  15  101 
 0  12  14  0  -84  92  -67  80  121  -25 
 19  -40  -53  -64 
from client [addr=/192.168.254.69,port=60152,localport=43594]: 
timestamp: 1438400698893
 60  13  0  0  0  -54  0  0  0  0 
 0  86  122  41  124 
from client [addr=/192.168.254.69,port=60152,localport=43594]: 
timestamp: 1438400698996
 35  6  120  89  9  13  8  -44  -51  0 
 9  0  -34  0  -109 
from client [addr=/192.168.254.69,port=60152,localport=43594]: 
timestamp: 1438400699376
 1  6  22  -78  7  48  7  -29  108  0 
 14  0  -45  0  -72  5  15  -54  0 
from server [addr=oldschool60.runescape.com/62.67.0.108,port=43333,localport=35705]: 
timestamp: 1438400699468
 54  29  105  0  89  111  117  32  112  105 
 99  107  32  116  104  101  32  109  97  110 
 39  115  32  112  111  99  107  101  116  46 
 0  78  10  21  1  0  0  92  25  105 
 0  89  111  117  32  115  116  101  97  108 
 32  115  111  109  101  32  116  104  114  101 
 97  100  46  0  -31  0  9  -128  31  -4 
 17  127  -1  113  3  -128  -15  0  6  15 
 0  -27  -53  -43  0  -58  0  10  0  -107 
 0  0  0  93  6  6  -57  10  21  75 
 2  0  -115  24  -111 
from client [addr=/192.168.254.69,port=60152,localport=43594]: 
timestamp: 1438400699616
 113  6  88  31  8  -48  9  -115  38  0 
 9  0  -36  0  -110 
from server [addr=oldschool60.runescape.com/62.67.0.108,port=43333,localport=35705]: 
timestamp: 1438400700069
 -9  -1  -1  -114  40  105  0  89  111  117 
 32  97  116  116  101  109  112  116  32  116 
 111  32  112  105  99  107  32  116  104  101 
 32  109  97  110  39  115  32  112  111  99 
 107  101  116  46  0  -2  0  6  -128  31 
 -4  1  -54  15  -9  0  12  14  0  84 
 -71  122  -112  121  -44  19  -44  -119  0 
from client [addr=/192.168.254.69,port=60152,localport=43594]: 
timestamp: 1438400700136
 -95  12  8  30  6  -17  6  -79  8  34 
 39  -27  7  -27  -59  0  20  0  -49  0 
 -66  -45  15  -54  0 
from client [addr=/192.168.254.69,port=60152,localport=43594]: 
timestamp: 1438400700376
 46  4  89  -51  10  -124  21  0  9  0 
 -31  0  -116 
from server [addr=oldschool60.runescape.com/62.67.0.108,port=43333,localport=35705]: 
timestamp: 1438400700665
 24  37  105  0  89  111  117  32  102  97 
 105  108  32  116  111  32  112  105  99  107 
 32  116  104  101  32  109  97  110  39  115 
 32  112  111  99  107  101  116  46  0  44 
 47  0  0  72  46  65  46  77  46  32 
 77  101  109  98  101  114  58  32  83  116 
 111  112  33  32  73  114  111  110  32  82 
 101  101  112  99  97  32  105  115  32  97 
 32  116  104  105  101  102  33  0  -12  0 
 12  1  0  0  0  -53  2  97  114  0 
 97  112  0  -126  0  6  -128  31  -4  1 
 127  -1  82  0  39  15  4  21  22  44 
 47  127  -1  -128  83  116  111  112  33  32 
 73  114  111  110  32  82  101  101  112  99 
 97  32  105  115  32  97  32  116  104  105 
 101  102  33  0 
from client [addr=/192.168.254.69,port=60152,localport=43594]: 
timestamp: 1438400700694
 -38  13  0  0  0  -53  0  0  0  0 
 0  -99  38  -6  -39 
from client [addr=/192.168.254.69,port=60152,localport=43594]: 
timestamp: 1438400700876
 -1  10  8  93  7  -25  6  -8  7  112 
 88  -101  12  0  18  0  -37  0  -75  99 
 15  -54  0 
from client [addr=/192.168.254.69,port=60152,localport=43594]: 
timestamp: 1438400701096
 89  6  8  95  40  -115  8  23  10  0 
 9  0  -35  0  -103 
from server [addr=oldschool60.runescape.com/62.67.0.108,port=43333,localport=35705]: 
timestamp: 1438400701274
 56  46  0  0  -128  0  0  -61  45  105 
 0  89  111  117  32  102  101  101  108  32 
 115  108  105  103  104  116  108  121  32  99 
 111  110  99  117  115  115  101  100  32  102 
 114  111  109  32  116  104  101  32  98  108 
 111  119  46  0  -121  2  7  1  0  20 
 -61  23  0  0  89  111  117  39  118  101 
 32  98  101  101  110  32  115  116  117  110 
 110  101  100  33  0  -29  -1  -1  23  0 
 19  -128  31  -4  -48  1  -125  0  -127  42 
 -80  0  -11  0  0  124  0  -109  1  -128 
 -2  0  15  15  -72  16  -27  11  11  -33 
 -1  -64  20  1  -90  0  -127  -38  -97  86 
 1  0  -68  94  -125  72  68 
from client [addr=/192.168.254.69,port=60152,localport=43594]: 
timestamp: 1438400701596
 -35  10  22  -18  7  48  7  -92  24  33 
 7  -90  10  0  20  0  -48  0  -62  33 
 15  -54  0 
from client [addr=/192.168.254.69,port=60152,localport=43594]: 
timestamp: 1438400701856
 93  6  88  -46  8  -50  8  -105  17  0 
 11  0  -40  0  -103 
from server [addr=oldschool60.runescape.com/62.67.0.108,port=43333,localport=35705]: 
timestamp: 1438400701874
 46  -1  -1  20  0  2  0  0  121  0 
 11  14  4  10  22  22  63  -1  -128  4 
 -1  -1 
from server [addr=oldschool60.runescape.com/62.67.0.108,port=43333,localport=35705]: 
timestamp: 1438400702468
 65  0  12  1  0  0  0  -52  2  97 
 108  0  98  103  0  126  0  2  0  0 
 -49  0  5  14  20  -128  -84  88 
from client [addr=/192.168.254.69,port=60152,localport=43594]: 
timestamp: 1438400702476
 -36  13  0  0  0  -52  0  0  0  0 
 0  -128  35  -54  97 
from client [addr=/192.168.254.69,port=60152,localport=43594]: 
timestamp: 1438400702557
 98  14  22  -77  6  -12  7  108  88  94 
 8  95  8  96  24  95  -72  0  26  0 
 -49  0  -56  -57  15  -54  0 
from client [addr=/192.168.254.69,port=60152,localport=43594]: 
timestamp: 1438400702836
 -127  8  8  96  24  93  8  -47  8  -117 
 84  0  11  0  -43  0  -97 
from server [addr=oldschool60.runescape.com/62.67.0.108,port=43333,localport=35705]: 
timestamp: 1438400703083
 71  -1  -1  71  18  0  0  89  111  117 
 39  114  101  32  115  116  117  110  110  101 
 100  33  0  5  -1  -1  -105  -1  -1  -78 
 18  105  0  89  111  117  39  114  101  32 
 115  116  117  110  110  101  100  33  0  54 
 0  6  -128  31  -4  1  -54  15  -89  0 
 5  14  0  -96  -84  94 
from client [addr=/192.168.254.69,port=60152,localport=43594]: 
timestamp: 1438400703236
 -121  10  8  30  23  108  6  -71  8  36 
 40  95  100  0  16  0  -51  0  -57  85 
 15  -54  0 
from client [addr=/192.168.254.69,port=60152,localport=43594]: 
timestamp: 1438400703476
 -62  6  40  -100  10  -56  8  -101  -125  0 
 9  0  -36  0  -91 
from server [addr=oldschool60.runescape.com/62.67.0.108,port=43333,localport=35705]: 
timestamp: 1438400703711
 -59  -1  -1  62  18  0  0  89  111  117 
 39  114  101  32  115  116  117  110  110  101 
 100  33  0  49  -1  -1  88  -1  -1  -58 
 18  105  0  89  111  117  39  114  101  32 
 115  116  117  110  110  101  100  33  0  124 
 0  2  0  0  -13  0  16  14  64  41 
 43  22  63  -1  -128  24  24  -37  -65  75 
 4  121  0 
from client [addr=/192.168.254.69,port=60152,localport=43594]: 
timestamp: 1438400703836
 -50  8  8  31  22  -79  5  -74  7  -89 
 -28  0  14  0  -54  0  -45  -38  15  -54 
 0 
from client [addr=/192.168.254.69,port=60152,localport=43594]: 
timestamp: 1438400704116
 44  6  89  -55  10  13  9  24  118  0 
 11  0  -35  0  -96 
from server [addr=oldschool60.runescape.com/62.67.0.108,port=43333,localport=35705]: 
timestamp: 1438400704290
 -96  -1  -1  52  18  0  0  89  111  117 
 39  114  101  32  115  116  117  110  110  101 
 100  33  0  39  -1  -1  46  -1  -1  -58 
 18  105  0  89  111  117  39  114  101  32 
 115  116  117  110  110  101  100  33  0  -39 
 0  50  1  0  0  0  -51  4  110  0 
 100  113  0  3  106  97  118  97  46  108 
 97  110  103  46  83  116  114  105  110  103 
 0  90  0  66  0  106  97  118  97  46 
 108  97  110  103  46  83  116  114  105  110 
 103  0  85  0  2  0  0  -89  0  15 
 14  0  5  -127  -25  124  79  74  62  30 
 95  4  -10  -94  64 
from client [addr=/192.168.254.69,port=60152,localport=43594]: 
timestamp: 1438400704314
 -64  13  0  0  0  -51  0  0  0  0 
 8  69  -92  -111  -10 
from client [addr=/192.168.254.69,port=60152,localport=43594]: 
timestamp: 1438400704516
 -79  10  8  31  7  47  6  -14  7  -89 
 23  -30  127  0  16  0  -47  0  -54  -33 
 15  -54  0 
from client [addr=/192.168.254.69,port=60152,localport=43594]: 
timestamp: 1438400704756
 95  6  72  91  10  -62  8  -107  -119  0 
 9  0  -33  0  -102 
from server [addr=oldschool60.runescape.com/62.67.0.108,port=43333,localport=35705]: 
timestamp: 1438400704889
 60  -1  -1  -66  18  0  0  89  111  117 
 39  114  101  32  115  116  117  110  110  101 
 100  33  0  124  -1  -1  105  -1  -1  -13 
 18  105  0  89  111  117  39  114  101  32 
 115  116  117  110  110  101  100  33  0  103 
 0  2  0  0  89  0  24  16  37  66 
 -64  20  44  94  30  -98  -124  -12  35  -31 
 -26  -16  79  98  36  -1  -2  16  4  121 
 0  -95  69 
from client [addr=/192.168.254.69,port=60152,localport=43594]: 
timestamp: 1438400705136
 123  8  8  30  7  105  6  124  7  -30 
 -124  0  14  0  -44  0  -63  -109  15  -54 
 0 
from client [addr=/192.168.254.69,port=60152,localport=43594]: 
timestamp: 1438400705436
 32  6  105  23  9  -120  8  -111  20  0 
 13  0  -32  0  -111 
from server [addr=oldschool60.runescape.com/62.67.0.108,port=43333,localport=35705]: 
timestamp: 1438400705471
 -4  -1  -1  -73  18  0  0  89  111  117 
 39  114  101  32  115  116  117  110  110  101 
 100  33  0  -110  -1  -1  -70  -1  -1  109 
 40  105  0  89  111  117  32  97  116  116 
 101  109  112  116  32  116  111  32  112  105 
 99  107  32  116  104  101  32  109  97  110 
 39  115  32  112  111  99  107  101  116  46 
 0  -70  0  2  0  0  -103  0  9  18 
 22  11  1  105  65  122  -91  64 
from server [addr=oldschool60.runescape.com/62.67.0.108,port=43333,localport=35705]: 
timestamp: 1438400706085
 22  29  105  0  89  111  117  32  112  105 
 99  107  32  116  104  101  32  109  97  110 
 39  115  32  112  111  99  107  101  116  46 
 0  -1  10  21  1  0  0  -75  23  105 
 0  89  111  117  32  115  116  101  97  108 
 32  97  32  102  101  97  116  104  101  114 
 46  0  -93  0  11  1  0  0  0  -50 
 0  102  113  0  97  0  -3  0  9  -128 
 31  -4  17  127  -1  113  3  -128  16  0 
 8  18  20  10  -63  113  65  113  80  -61 
 0  10  0  -107  0  0  0  93  7  1 
 59  1  60  75  2  0  -93  24  -111 
from client [addr=/192.168.254.69,port=60152,localport=43594]: 
timestamp: 1438400706120
 63  9  0  0  0  -50  -15  89  -31  -49 
 87 
from client [addr=/192.168.254.69,port=60152,localport=43594]: 
timestamp: 1438400706416
 116  16  23  105  6  57  7  55  7  -23 
 57  87  8  -106  8  31  120  30  120  0 
 38  0  -41  0  -67  60  15  -54  0 
from server [addr=oldschool60.runescape.com/62.67.0.108,port=43333,localport=35705]: 
timestamp: 1438400706690
 -52  -1  -1  19  40  105  0  89  111  117 
 32  97  116  116  101  109  112  116  32  116 
 111  32  112  105  99  107  32  116  104  101 
 32  109  97  110  39  115  32  112  111  99 
 107  101  116  46  0  123  0  6  -128  31 
 -4  1  -54  15  53  0  8  18  20  10 
 -63  89  73  113  72 
from client [addr=/192.168.254.69,port=60152,localport=43594]: 
timestamp: 1438400706916
 25  6  104  18  8  -123  8  28  90  0 
 19  0  -39  0  -112 
from server [addr=oldschool60.runescape.com/62.67.0.108,port=43333,localport=35705]: 
timestamp: 1438400707293
 92  37  105  0  89  111  117  32  102  97 
 105  108  32  116  111  32  112  105  99  107 
 32  116  104  101  32  109  97  110  39  115 
 32  112  111  99  107  101  116  46  0  83 
 47  0  0  72  46  65  46  77  46  32 
 77  101  109  98  101  114  58  32  83  116 
 111  112  33  32  73  114  111  110  32  82 
 101  101  112  99  97  32  105  115  32  97 
 32  116  104  105  101  102  33  0  89  0 
 6  -128  31  -4  1  127  -1  -5  0  40 
 18  21  -112  21  -106  -105  15  -1  -32  -128 
 83  116  111  112  33  32  73  114  111  110 
 32  82  101  101  112  99  97  32  105  115 
 32  97  32  116  104  105  101  102  33  0 

from client [addr=/192.168.254.69,port=60152,localport=43594]: 
timestamp: 1438400707376
 -4  6  55  -17  7  -77  8  35  20  0 
 18  0  -42  0  -75  62  15  -54  0 
from client [addr=/192.168.254.69,port=60152,localport=43594]: 
timestamp: 1438400707616
 88  6  120  -108  8  -50  8  30  -123  0 
 9  0  -37  0  -107 
from server [addr=oldschool60.runescape.com/62.67.0.108,port=43333,localport=35705]: 
timestamp: 1438400707890
 112  46  0  0  -64  0  0  -98  45  105 
 0  89  111  117  32  102  101  101  108  32 
 115  108  105  103  104  116  108  121  32  99 
 111  110  99  117  115  115  101  100  32  102 
 114  111  109  32  116  104  101  32  98  108 
 111  119  46  0  -66  2  9  1  0  20 
 -67  23  0  0  89  111  117  39  118  101 
 32  98  101  101  110  32  115  116  117  110 
 110  101  100  33  0  125  -1  -1  22  61 
 0  0  89  111  117  39  114  101  32  98 
 101  97  116  101  110  32  117  110  99  111 
 110  115  99  105  111  117  115  32  97  110 
 100  32  98  117  110  100  108  101  100  32 
 111  117  116  32  111  102  32  116  104  101 
 32  72  65  77  32  67  97  109  112  46 
 0  1  0  19  1  0  0  0  -49  4 
 97  100  0  98  0  2  90  0  73  0 
 99  122  0  61  0  19  -128  31  -4  -48 
 1  -125  0  -127  39  -80  0  -11  0  0 
 124  0  -109  1  -128  67  0  24  18  -96 
 84  -112  21  -106  -84  15  -1  -32  24  24 
 -37  -65  75  4  121  0  20  1  -90  0 
 -127  -38  -75  89  1  0  -68  94  -125 
from client [addr=/192.168.254.69,port=60152,localport=43594]: 
timestamp: 1438400707918
 60  13  0  0  0  -49  0  0  0  0 
 17  108  7  -104  61 
from client [addr=/192.168.254.69,port=60152,localport=43594]: 
timestamp: 1438400708416
 -58  10  24  40  6  -73  8  34  71  -32 
 7  -30  96  0  32  0  -45  0  -72  -17 
 15  -54  0 
from server [addr=oldschool60.runescape.com/62.67.0.108,port=43333,localport=35705]: 
timestamp: 1438400708488
 123  0  2  0  0  89  0  13  18  -84 
 84  64  86  90  -68  63  -1  -128  4  -1 
 -1 
from client [addr=/192.168.254.69,port=60152,localport=43594]: 
timestamp: 1438400708676
 -106  8  -64  66  20  -63  9  17  8  -104 
 -74  0  11  0  -35  0  -102 
from server [addr=oldschool60.runescape.com/62.67.0.108,port=43333,localport=35705]: 
timestamp: 1438400709082
 -123  0  5  -82  0  3  0  0  -108  46 
 0  127  11  0  36  2  -109  0  5  0 
 0  0  3  -73  62  0  7  -128  31  -4 
 16  69  3  -128  -124  0  5  18  0  5 
 -85  -128 
from client [addr=/192.168.254.69,port=60152,localport=43594]: 
timestamp: 1438400709136
 -107  8  8  31  22  116  6  -17  7  -89 
 48  0  16  0  -49  0  -60  52  15  -54 
 0 
from client [addr=/192.168.254.69,port=60152,localport=43594]: 
timestamp: 1438400709396
 73  6  104  -39  9  10  8  24  17  0 
 11  0  -42  0  -99 
from server [addr=oldschool60.runescape.com/62.67.0.108,port=43333,localport=35705]: 
timestamp: 1438400709691
 39  0  11  1  0  0  0  -48  0  102 
 113  0  108  0  -74  0  2  0  0  73 
 0  11  18  0  -72  30  -16  30  99  4 
 -10  34  96 
from client [addr=/192.168.254.69,port=60152,localport=43594]: 
timestamp: 1438400709696
 -67  9  0  0  0  -48  -15  -115  -96  -16 
 -120 
from client [addr=/192.168.254.69,port=60152,localport=43594]: 
timestamp: 1438400709856
 121  10  8  30  22  -74  7  46  7  -89 
 7  -32  -88  0  18  0  -55  0  -56  -74 
 15  -54  0 
from server [addr=oldschool60.runescape.com/62.67.0.108,port=43333,localport=35705]: 
timestamp: 1438400710308
 -101  0  2  0  0  -47  0  12  18  2 
 -14  -16  -30  -43  -31  -25  80  79  82  33 

from client [addr=/192.168.254.69,port=60152,localport=43594]: 
timestamp: 1438400710876
 49 
from server [addr=oldschool60.runescape.com/62.67.0.108,port=43333,localport=35705]: 
timestamp: 1438400710908
 114  0  2  0  0  -80  0  8  18  -68 
 11  0  -92  90  -71  96 
from server [addr=oldschool60.runescape.com/62.67.0.108,port=43333,localport=35705]: 
timestamp: 1438400711532
 53  0  12  1  0  0  0  -47  0  97 
 108  0  98  107  0  -86  0  -103  126  36 
 24  -23  56  8  -116  123  121  -60  71  -70 
 8  114  -20  -84  -78  -58  25  59  -102  114 
 104  106  35  125  113  -123  41  -120  5  -117 
 -127  46  -125  -86  91  -17  -68  64  91  32 
 101  0  -99  -120  76  2  -118  -39  9  111 
 -22  41  -37  -72  83  44  3  21  61  24 
 -51  -37  -21  -65  46  -34  -58  0  75  -101 
 -33  15  -64  98  -50  33  112  12  104  -114 
 17  82  86  70  65  97  -86  35  23  12 
 -89  96  -112  41  6  -110  79  -60  72  32 
 43  63  112  -17  -6  -19  60  23  53  69 
 -98  -49  -104  -67  -6  98  86  58  62  -88 
 49  -121  60  53  -58  -54  60  -9  83  -40 
 24  88  -31  -62  48  3  64  -5  69  101 
 68  -110  1  -108  1  11  54  0  -128  -76 
 0  -53  0  4  -19  -115  0  0  -47  0 
 91  18  -1  -1  -1  -1  -1  -1  -3  6 
 -7  23  -80  -41  -112  119  -127  121  44  49 
 7  89  23  -110  13  16  116  -111  121  46 
 77  7  -125  23  -110  -17  -112  124  81  121 
 33  -119  7  -93  23  -106  -7  16  120  -111 
 121  97  -79  7  119  23  -106  -22  -112  124 
 -16  29  67  -51  7  96  23  -106  37  -112 
 123  -31  121  36  33  7  -98  23  -110  43 
 80  127  17  123  38  5  7  -76  23  -106 
 106  -64  116  -104  -24  -91  -104  -32  4  -104 
 -40  103  -104  -48  118  -104  -56  65  -104  -64 
 -35  -104  -72  -53  -96  -24  -21  11  7  -61 
 1  0  -108  -96  -32  103  -96  -40  -26  -96 
 -48  27  -96  -56  -48  -84  2  -25  1  0 
 68  -96  -64  -1  -96  -72  -87  -88  -24  -79 
 -88  -32  -9  -88  -40  -78  -88  -48  89  -88 
 -56  -75  -88  -64  45  -88  -72  60  -80  -24 
 -38  -80  -32  -43  -80  -40  -15  -80  -48  42 
 -80  -56  98  -80  -64  -76  -80  -72  17  -72 
 -24  -124  -72  -32  -90  -72  -40  27  -72  -48 
 -117  -72  -56  16  -72  -64  99  -72  -72  110 
 -64  -24  56  -64  -32  -53  -64  -40  -96  -64 
 -48  -4  -64  -56  -5  -64  -64  88  -64  -72 
 89  -56  -24  78  -56  -32  93  -56  -40  39 
 -56  -48  43  -56  -56  101  -56  -64  1  -56 
 -72 
from client [addr=/192.168.254.69,port=60152,localport=43594]: 
timestamp: 1438400711634
 -86 
from client [addr=/192.168.254.69,port=60152,localport=43594]: 
timestamp: 1438400711637
 -54 
from client [addr=/192.168.254.69,port=60152,localport=43594]: 
timestamp: 1438400711681
 -64 
from client [addr=/192.168.254.69,port=60152,localport=43594]: 
timestamp: 1438400711706
 45 
from client [addr=/192.168.254.69,port=60152,localport=43594]: 
timestamp: 1438400711713
 9  39  9  0  0  0  -47  -19  -128  -70 
 -99  -122 
from client [addr=/192.168.254.69,port=60152,localport=43594]: 
timestamp: 1438400711918
 -43  11  125  -114  -127  -75  82  10  27  -64 
 -17  -1  -1 
from server [addr=oldschool60.runescape.com/62.67.0.108,port=43333,localport=35705]: 
timestamp: 1438400712108
 26  0  2  0  0  116  0  11  15  -76 
 1  98  -112  32  -35  66  -10  -111  -120 
from client [addr=/192.168.254.69,port=60152,localport=43594]: 
timestamp: 1438400712350
 -90  0 
from server [addr=oldschool60.runescape.com/62.67.0.108,port=43333,localport=35705]: 
timestamp: 1438400712674
 33  -128  46  0  24  0  5  -82  0  3 
 0  0  69  46  0  127  11  0  36  2 
 -62  0  30  105  105  105  105  105  0  0 
 0  0  50  0  0  0  -1  0  0  0 
 0  0  0  0  0  0  0  0  0  0 
 0  3  -76  89  101  0  -128  34  2  -94 
 0  -88  0  44  -27  0  0  0  89  111 
 117  32  115  108  111  119  108  121  32  119 
 97  107  101  32  117  112  32  105  110  32 
 97  110  32  117  110  107  110  111  119  110 
 32  112  108  97  99  101  46  0  -118  0 
 25  105  105  105  73  0  0  -27  0  0 
 0  0  0  0  0  0  0  1  0  0 
 0  1  0  0  2  88  107  -1  -1  0 
 1  0  -27  1  0  0  0  -1  -1  -13 
 0  27  -27  0  1  0  67  108  105  99 
 107  32  104  101  114  101  32  116  111  32 
 99  111  110  116  105  110  117  101  0  -100 
 0  7  -128  31  -4  16  -1  -1  -128  50 
 0  7  16  -76  2  -123  -22  65  -64 
from server [addr=oldschool60.runescape.com/62.67.0.108,port=43333,localport=35705]: 
timestamp: 1438400713285
 -68  0  12  1  0  0  0  -46  2  99 
 115  0  98  108  0  109  0  2  0  0 
 89  0  12  15  -76  5  -53  -41  0  -125 
 86  11  -41  69  -32 
from client [addr=/192.168.254.69,port=60152,localport=43594]: 
timestamp: 1438400713287
 123  13  0  0  0  -46  0  0  0  0 
 8  -73  36  33  -72 
from server [addr=oldschool60.runescape.com/62.67.0.108,port=43333,localport=35705]: 
timestamp: 1438400713878
 -57  0  2  0  0  127  0  7  16  -76 
 11  -105  22  10  -57 
from client [addr=/192.168.254.69,port=60152,localport=43594]: 
timestamp: 1438400713906
 14  0 
from server [addr=oldschool60.runescape.com/62.67.0.108,port=43333,localport=35705]: 
timestamp: 1438400714460
 -40  0  2  0  0  -76  0  9  15  -72 
 88  45  92  88  46  94  -84 
from client [addr=/192.168.254.69,port=60152,localport=43594]: 
timestamp: 1438400714926
 -40 
from server [addr=oldschool60.runescape.com/62.67.0.108,port=43333,localport=35705]: 
timestamp: 1438400715083
 2  0  11  1  0  0  0  -45  0  104 
 118  0  112  0  -40  0  2  0  0  -81 
 0  8  15  -72  84  45  92  113  114  -48 
 108  70 
from client [addr=/192.168.254.69,port=60152,localport=43594]: 
timestamp: 1438400715088
 44  13  0  0  0  -45  0  -1  -1  -1 
 -1  -84  24  90  -52 
from server [addr=oldschool60.runescape.com/62.67.0.108,port=43333,localport=35705]: 
timestamp: 1438400715689
 -64  0  2  0  0  -117  0  8  14  -72 
 90  23  11  11  -43  -128 
from client [addr=/192.168.254.69,port=60152,localport=43594]: 
timestamp: 1438400715906
 111  0 
from server [addr=oldschool60.runescape.com/62.67.0.108,port=43333,localport=35705]: 
timestamp: 1438400716293
 -10  0  2  0  0  -92  0  12  14  -76 
 90  23  2  -11  100  32  -52  94  -31  -27 

from server [addr=oldschool60.runescape.com/62.67.0.108,port=43333,localport=35705]: 
timestamp: 1438400716902
 109  0  11  1  0  0  0  -44  0  101 
 116  0  110  0  -36  0  2  0  0  117 
 0  7  15  -88  90  23  3  -38  -32 
from client [addr=/192.168.254.69,port=60152,localport=43594]: 
timestamp: 1438400716906
 -27  9  0  0  0  -44  -15  -23  -52  53 
 -116 
from server [addr=oldschool60.runescape.com/62.67.0.108,port=43333,localport=35705]: 
timestamp: 1438400717501
 47  0  2  0  0  -75  0  6  13  -88 
 86  23  2  -48 
from client [addr=/192.168.254.69,port=60152,localport=43594]: 
timestamp: 1438400717926
 -4  0  -61 
from server [addr=oldschool60.runescape.com/62.67.0.108,port=43333,localport=35705]: 
timestamp: 1438400718147
 -115  0  2  0  0  -4  0  7  13  -80 
 -67  88  92  11  -128 
from server [addr=oldschool60.runescape.com/62.67.0.108,port=43333,localport=35705]: 
timestamp: 1438400718688
 38  0  16  1  0  0  0  -43  0  99 
 108  105  101  110  116  0  102  103  0  49 
 0  2  0  0  76  0  12  13  -80  -79 
 90  -80  11  -120  57  -72  14  -26  -98  -80 
 71 
