new client connection: [addr=/192.168.254.69,port=55770,localport=43594]
Successfully connected to server, Socket information: [addr=oldschool81.runescape.com/217.163.53.192,port=43333,localport=55518]
from client [addr=/192.168.254.69,port=55770,localport=43594]: 
timestamp: 1438215434146
 14 
from server [addr=oldschool81.runescape.com/217.163.53.192,port=43333,localport=55518]: 
timestamp: 1438215434841
 0 
from client [addr=/192.168.254.69,port=55770,localport=43594]: 
timestamp: 1438215434842
 16  1  100  0  0  0  85  0  -128  116 
 56  72  30  -12  126  99  -108  12  103  77 
 -48  -22  93  46  117  -57  127  101  78  56 
 -9  76  44  -89  11  15  -89  94  79  93 
 -29  -19  84  -119  64  74  -39  -110  -121  -117 
 -52  5  -12  50  60  0  -120  14  -34  -35 
 -49  -66  -99  36  -11  -52  102  -59  13  -103 
 15  -105  -22  0  -41  44  -66  37  44  51 
 -109  -26  -111  -4  -10  59  78  35  20  -27 
 116  55  25  -36  24  -120  -85  -28  105  115 
 44  -128  -99  -118  -54  -106  -39  -108  -30  107 
 55  -18  -60  63  2  0  -18  -56  89  16 
 30  94  124  112  -90  -52  -33  -58  41  -122 
 -89  33  68  83  -50  67  -68  106  -80  18 
 32  -73  74  85  -27  -46  -30  122  24  -117 
 -68  -22  76  -124  -109  70  -100  -89  -127  -86 
 72  -120  17  20  52  -16  10  115  75  -13 
 -32  2  -95  116  -105  -52  -6  -46  56  -31 
 -122  -36  50  -4  100  -2  21  121  31  -69 
 61  -46  22  -95  -121  -27  -69  25  -88  -123 
 123  25  -89  92  22  70  50  -48  -105  73 
 -122  -23  107  -7  16  -12  -21  -69  -79  -61 
 124  15  37  -109  -124  122  55  42  19  -110 
 121  -6  73  31  70  15  58  38  -8  39 
 50  -47  1  -52  -100  -108  95  -107  96  -36 
 -106  -6  -12  -48  -12  93  59  93  15  -32 
 -3  -22  -103  -56  110  93  15  -32  -3  -22 
 -103  -56  110  93  15  -32  -3  -22  -103  -56 
 110  93  15  -32  -3  -22  -103  -56  110  27 
 12  99  76  -99  -1  -27  -103  29  -29  96 
 67  37  83  -102  -115  66  -91  -93  108  -72 
 59  -9  -106  59  61  33  -17  -62  90  118 
 -8  29  87  -102  3  51  -34  117  69  -115 
 -33  64  69  -40  -6  -35  -112  -96  -103  124 
 -43  93  -48  125  -27  30  -64  39  -13  -125 
 -41  53  -51  95  -13  -72  -14  77  33 
from server [addr=oldschool81.runescape.com/217.163.53.192,port=43333,localport=55518]: 
timestamp: 1438215436660
 2  0  0  0  0  0  0  0  1  19 
 0  -59  0  -103  -118  -39  9  111  -22  41 
 -37  -72  83  44  3  21  61  24  -51  -37 
 -21  -65  46  -34  -58  0  75  -101  -33  15 
 -64  98  -50  33  112  12  104  -114  17  82 
 86  70  65  97  -86  35  23  12  -89  96 
 -112  41  6  -110  79  -60  72  32  43  63 
 112  -17  -6  -19  60  23  53  69  -98  -49 
 -104  -67  -6  98  86  58  62  -88  49  -121 
 60  53  -58  -54  60  -9  83  -40  24  88 
 -31  -62  48  3  64  -5  69  101  68  -110 
 56  65  114  37  115  -104  -43  89  -61  63 
 -75  110  37  -67  -57  90  -101  -88  50  -30 
 -92  50  14  95  -111  9  22  -110  -35  -84 
 46  -104  9  -108  -74  96  20  -15  -104  -104 
 -64  -91  99  6  86  -123  -58  82  0  -73 
 -128  50  0  1  19  1  20  36  0  0 
 17  13  79  50  96  -128  0  75  14  0 
 122  1  78  101  118  101  114  32  116  101 
 108  108  32  97  110  121  111  110  101  32 
 121  111  117  114  32  112  97  115  115  119 
 111  114  100  44  32  101  118  101  110  32 
 105  102  32  116  104  101  121  32  99  108 
 97  105  109  32  116  111  32  119  111  114 
 107  32  102  111  114  32  74  97  103  101 
 120  33  0  -30  0  55  15  0  122  1 
 89  111  117  32  104  97  118  101  32  48 
 32  117  110  114  101  97  100  32  109  101 
 115  115  97  103  101  115  32  105  110  32 
 121  111  117  114  32  109  101  115  115  97 
 103  101  32  99  101  110  116  114  101  46 
 0  -72  0  104  18  0  122  1  89  111 
 117  32  97  114  101  32  110  111  116  32 
 97  32  109  101  109  98  101  114  46  32 
 83  117  98  115  99  114  105  98  101  32 
 116  111  32  97  99  99  101  115  115  32 
 101  120  116  114  97  32  115  107  105  108 
 108  115  44  32  97  114  101  97  115  32 
 97  110  100  32  113  117  101  115  116  115 
 44  32  97  110  100  32  109  117  99  104 
 60  98  114  62  109  111  114  101  32  98 
 101  115  105  100  101  115  46  0  -27  0 
 104  20  0  122  1  65  32  109  101  109 
 98  101  114  115  104  105  112  32  115  117 
 98  115  99  114  105  112  116  105  111  110 
 32  103  114  97  110  116  115  32  97  99 
 99  101  115  115  32  116  111  32  116  104 
 101  32  109  101  109  98  101  114  115  45 
 111  110  108  121  32  102  101  97  116  117 
 114  101  115  32  111  102  32  98  111  116 
 104  32  118  101  114  115  105  111  110  115 
 32  111  102  32  82  117  110  101  83  99 
 97  112  101  46  0  -5  0  30  21  0 
 122  1  75  101  101  112  32  121  111  117 
 114  32  97  99  99  111  117  110  116  32 
 115  101  99  117  114  101  46  0  -64  0 
 58  13  0  122  1  89  111  117  32  108 
 97  115  116  32  108  111  103  103  101  100 
 32  105  110  32  60  99  111  108  61  102 
 102  48  48  48  48  62  121  101  115  116 
 101  114  100  97  121  60  99  111  108  61 
 48  48  48  48  48  48  62  46  0  104 
 0  75  16  0  122  1  89  111  117  32 
 100  111  32  110  111  116  32  104  97  118 
 101  32  97  32  66  97  110  107  32  80 
 73  78  46  32  80  108  101  97  115  101 
 32  118  105  115  105  116  32  97  32  98 
 97  110  107  32  105  102  32  121  111  117 
 32  119  111  117  108  100  32  108  105  107 
 101  32  111  110  101  46  0  -69  0  -84 
 3  0  50  0  84  104  101  32  99  111 
 109  112  101  116  105  116  105  118  101  32 
 60  99  111  108  61  48  48  48  48  101 
 101  62  79  108  100  32  83  99  104  111 
 111  108  32  116  111  117  114  110  97  109 
 101  110  116  60  47  99  111  108  62  32 
 105  115  32  104  101  114  101  33  60  98 
 114  62  74  111  105  110  32  117  115  32 
 116  104  105  115  32  119  101  101  107  101 
 110  100  32  111  110  32  84  119  105  116 
 99  104  32  97  115  32  56  32  116  101 
 97  109  115  32  98  97  116  116  108  101 
 32  105  116  32  111  117  116  60  98  114 
 62  102  111  114  32  97  32  115  104  111 
 116  32  97  116  32  60  99  111  108  61 
 48  48  48  48  101  101  62  36  49  48 
 44  48  48  48  60  47  99  111  108  62 
 33  0  64  -91  0  57  0  34  -127  1 
 0  -91  0  48  0  35  -127  21  0  -91 
 0  -16  0  32  -127  22  0  -91  0  1 
 1  -6  -128  26  0  -91  0  -74  0  -78 
 -128  25  0  -91  0  99  0  50  73  109 
 105  105  105  105  105  105  65  0  0  0 
 0  -37  0  0  3  8  0  0  0  0 
 0  0  2  0  0  0  2  -114  0  0 
 0  0  0  0  0  0  0  0  109  -85 
 0  50  0  4  0  0  0  -23  -48  0 
 50  73  109  105  105  105  105  105  105  65 
 0  0  0  2  91  0  0  2  8  0 
 0  0  0  0  0  6  -29  0  0  1 
 -69  0  0  0  0  0  0  0  0  0 
 0  77  -1  0  50  0  5  0  0  0 
 -23  -66  124  1  -64  -127  7  0  -91  0 
 15  1  -110  -127  8  0  -91  0  -91  0 
 21  -127  9  0  -91  0  90  1  3  -127 
 10  0  -91  0  79  1  -113  -127  11  0 
 -91  0  36  0  90  -127  12  0  -91  0 
 -92  1  45  -127  14  0  -91  0  -124  1 
 48  -127  15  0  -91  0  32  0  54  -127 
 16  0  -91  0  -68  1  -123  -127  17  0 
 -91  0  -81  0  88  -127  18  0  -91  0 
 75  0  0  -91  0  0  0  0  2  0 
 1  0  -40  47  0  111  -127  19  0  -91 
 0  -9  0  0  118  1  0  0  0  2 
 0  1  0  -17  -4  2  -51  -127  13  0 
 -91  0  -97  2  -47  -127  6  0  -91  0 
 52  0  12  1  0  81  2  85  110  97 
 114  109  101  100  0  -37  0  18  2  0 
 81  2  67  111  109  98  97  116  32  76 
 118  108  58  32  51  0  94  7  -126  110 
 117  108  108  0  0  127  9  -125  70  111 
 108  108  111  119  0  0  -116  13  -124  84 
 114  97  100  101  32  119  105  116  104  0 
 0  -80  7  -123  110  117  108  108  0  0 
 51  9  -120  82  101  112  111  114  116  0 
 0  -69  0  9  5  0  -17  0  65  85 
 84  79  0  62  24  0  0  87  101  108 
 99  111  109  101  32  116  111  32  82  117 
 110  101  83  99  97  112  101  46  0  94 
 0  11  1  0  0  0  0  2  102  114 
 0  108  0  74  -75  -1  -110  0  75  0 
 21  0  4  0  0  81  0  22  0  2 
 0  0  -85  -64  -105  0  87  0  -27  0 
 -45  -3  38  0  -66  0  39  0  110  -4 
 40  0  -115  -4  41  0  -44  0  42  0 
 13  0  43  0  -96  -1  45  0  -119  1 
 25  0  0  -24  3  -97  0  -97  1  6 
 1  44  0  0  -24  3  96  -20  22  1 
 61  1  63  1  -87  1  -26  0  64  0 
 0  112  -1  -120  2  44  2  41  0  -128 
 0  0  37  3  20  0  0  -128  0  49 
 3  42  0  2  0  0  5  3  62  64 
 0  0  0  90  1  -47  3  87  1  -46 
 3  -123  1  -45  3  52  1  -44  3  -43 

from server [addr=oldschool81.runescape.com/217.163.53.192,port=43333,localport=55518]: 
timestamp: 1438215436675
 1  -43  3  -112  1  -42  3  -32  1  -41 
 3  45  1  -40  3  119  -4  -24  3  -74 
 3  -120  0  0  -10  0  -39  3  -111  64 
 0  0  0  -125  1  55  3  79  1  56 
 3  -27  1  57  3  101  1  58  3  -111 
 1  59  3  116  1  60  3  34  1  63 
 3  -24  1  64  3  -28  1  65  3  63 
 1  66  3  -98  1  67  3  -51  3  -14 
 0  0  0  8  -33  3  -7  0  0  0 
 32  100  4  26  0  0  0  16  -38  1 
 -87  4  -88  4  43  40  -103  0  0  -68 
 0  -78  4  84  1  -77  4  -91  0  -45 
 4  -47  1  -1  4  84  2  7  -19  -29 
 40  0  -103  -114  -91  -48  47  16  -116  -21 
 68  95  98  -16  62  -41  69  40  -119  -107 
 33  -125  21  72  127  -4  -127  -56  0  0 
 0  3  0  115  116  111  98  32  101  105 
 112  32  50  56  3  54  3  53  3  52 
 3  51  3  55  3  40  3  4  0  26 
 3  4  116  1  43  1  33  1  4  1 
 41  1  28  1  0  109  1  0  0  0 
 0  -1  -1  0  -1  127  0  -128  -61  0 
 0  0  28  0  121  100  97  108  115  110 
 111  99  105  114  102  97  56  3  54  3 
 53  3  52  3  51  3  55  3  40  3 
 0  0  0  0  0  10  1  42  1  33 
 1  0  1  36  1  26  1  -109  6  18 
 1  43  7  -61  8  0  0  -1  -1  0 
 -128  -57  0  0  0  3  0  116  101  110 
 103  97  77  32  99  105  103  97  77  56 
 3  54  3  53  3  52  3  51  3  55 
 3  40  3  0  0  5  17  1  10  1 
 42  1  34  1  3  1  15  52  0  0 
 14  52  0  0  0  0  -1  -1  0  -128 
 -60  0  0  0  3  0  116  101  110  103 
 97  77  32  108  97  116  101  77  -70  4 
 -72  4  -73  4  -74  4  -75  4  -71  4 
 45  3  1  1  7  6  3  115  1  45 
 37  33  1  -123  1  100  1  27  1  0 
 108  1  101  7  0  0  26  6  -1  -1 
 0  -128  -56  0  0  0  3  0  122  116 
 111  108  109  97  68  32  110  111  114  73 
 56  3  54  3  53  3  52  3  51  3 
 55  3  40  3  0  0  0  0  0  0 
 42  1  33  1  0  12  52  0  0  11 
 52  0  0  0  10  52  -1  -1  0  -111 
 -59  0  0  0  5  0  57  49  116  114 
 97  102  110  114  117  116  111  103  56  3 
 54  3  53  3  52  3  51  3  55  3 
 40  3  4  1  2  1  2  0  37  6 
 35  6  0  57  6  0  -89  6  91  6 
 43  7  0  -17  5  -127  6  -1  -1  0 
 1  2  0  -46  10  -112  -60  0  0  0 
 24  0  121  115  115  115  115  117  80  32 
 121  109  117  89  56  3  54  3  53  3 
 52  3  51  3  55  3  40  3  1  3 
 24  24  1  0  37  6  35  6  0  43 
 6  0  -89  6  91  6  43  7  -67  8 
 -27  18  -127  6  -1  -1  0  -15  10  -112 
 -54  0  0  0  29  0  116  108  65  116 
 111  114  80  56  3  54  3  53  3  52 
 3  51  3  55  3  40  3  1  0  1 
 1  0  0  42  1  106  13  0  43  6 
 0  -89  6  91  6  43  7  -67  8  0 
 -127  6  -1  -1  0  -15  10  -59  24  104 
 122  32  104  54  -6  1  0  3  7  -24 
 -22  1  0  11  7  116  -52  1  0  15 
 7  104  40  104  -50  48  104  -63  56  104 
 -19  64  104  -117  72  104  99  24  96  7 
 32  96  -84  40  96  -93  48  96  89  56 
 96  4  64  96  63  72  96  105  24  88 
 -71  -2  1  0  50  3  -13  32  88  -104 
 40  88  0  48  88  -79  56  88  -58  64 
 88  80  72  88  -61  24  80  22  32  80 
 -32  40  80  -97  48  80  -5  56  80  96 
 64  80  -43  72  80  -59  24  72  -100  32 
 72  24  40  72  -78  48  72  16  56  72 
 90  64  72  80  3  -100  -50  99  -128  83 
 27  -13  72  72  40  24  64  -92  32  64 
 -5  40  64  -43  48  64  -79  56  64  -127 
 64  64  120  -5  1  0  51  4  -119  72 
 64  116  24  56  -127  32  56  -106  40  56 
 122  48  56  -3  56  56  -22  64  56  52 
 72  56  5  0  62  0  -107  0  0  0 
 93  0  18  5  72  -127  2  79  -127  1 
 48  -127  1  60  -127  7  -122  -127  7  -116 
 -127  9  6  -127  4  -14  -127  4  -74  -127 
 4  -2  -127  4  -108  -127  3  74  -127  3 
 115  -103  2  45  -103  2  47  -113  2  44 
 -122  2  46  -124  2  48  -126  -25  0  8 
 -1  -1  -6  -48  0  94  0  0  -118  0 
 -95  0  -91  0  19  0  -91  0  22  0 
 -96  1  0  -91  0  7  1  64  1  0 
 -91  0  15  1  -80  1  0  -91  0  18 
 0  -40  1  0  -91  0  6  2  81  1 
 0  -91  0  1  0  -94  1  0  -91  0 
 26  1  122  0  0  -91  0  25  0  50 
 0  0  -91  0  8  1  18  1  0  -91 
 0  12  0  -38  1  0  -91  0  21  0 
 -93  1  0  -91  0  10  1  -125  1  0 
 -91  0  9  0  -107  1  0  -91  0  14 
 1  -83  1  0  -91  0  17  1  5  1 
 0  -91  0  13  2  77  1  0  -91  0 
 16  0  -74  1  0  -91  0  11  1  15 
 1  0  -91  0  19  0  -17  1  0  -40 
 0  1  0  0  0  37  0  0  0  2 
 0  -17  0  1  0  0  1  -10  0  0 
 0  2  -49  -127  0  0  12  0  -128  109 
 -127  0  0  0  0  127  -11  -127  0  0 
 0  0  126  109  -118  0  0  -126  4  125 
 -76  -127  0  0  24  0  124  -31  -127  0 
 0  14  0  123  44  -127  0  0  5  0 
 122  16  -127  0  0  70  0  121  -18  -127 
 0  0  25  0  120  0  -127  0  0  0 
 0  119  -121  -127  0  0  20  0  118  -124 
 -127  0  0  40  0  117  -31  -127  0  0 
 0  0  116  -88  -127  0  0  18  0  115 
 125  -127  0  0  35  0  114  127  -127  0 
 0  0  0  113  126  -127  0  0  0  0 
 112  79  -127  0  0  0  0  111  -26  -127 
 0  0  0  0  110  -97  -127  0  0  0 
 0  109  -76  -127  0  0  0  0  108  -64 
 -127  0  0  0  0  107  -29  -127  0  0 
 0  0  106  -18  -127  0  0  0  0  105 
 34  -127  0  0  0  0  104  104  0  16 
 -126  100  67  -5  0  9  0  0  3  0 
 1  0  -64  0  0  0  0  0  0  0 
 0  0  0  0  0  0  0  0  0  0 
 0  0  0  34  1  0  0  0  0  0 
 0  0  0  0  0  0  0  0  0  0 
 0  0  0  0  -75  2  0  0  0  0 
 0  0  0  0  0  0  0  0  0  0 
 0  0  0  0  0  0  3  0  0  0 
 0  0  0  0  0  0  0  0  0  0 
 0  0  0  0  0  0  -27  4  0  0 
 0  0  0  0  0  0  0  0  0  0 
 0  0  0  0  0  0  0  -8  5  0 
 0  0  0  0  0  0  0  0  0  0 
 0  0  0  0  0  0  0  0  -65  6 
 0  0  0  0  0  0  0  0  0  0 
 0  0  0  0  0  0  0  0  0  90 
 7  0  0  0  0  0  0  0  0  0 
 0  0  0  0  0  0  0  0  0  0 

from client [addr=/192.168.254.69,port=55770,localport=43594]: 
timestamp: 1438215436814
 101  1  2  -3  1  -9  114  102 
from client [addr=/192.168.254.69,port=55770,localport=43594]: 
timestamp: 1438215436856
 -125 
from client [addr=/192.168.254.69,port=55770,localport=43594]: 
timestamp: 1438215436945
 72 
from server [addr=oldschool81.runescape.com/217.163.53.192,port=43333,localport=55518]: 
timestamp: 1438215437257
 43  0  -118  3  -44  82  73  62  -76  120 
 79  -2  -128  -59  0  0  0  5  0  57 
 49  116  114  97  102  110  114  117  116  111 
 103  56  3  54  3  53  3  52  3  51 
 3  55  3  40  3  4  1  2  1  2 
 0  37  6  35  6  0  57  6  0  -89 
 6  91  6  43  7  0  -17  5  -127  6 
 -1  -1  0  9  4  4  0  -128  0  -128 
 22  93  16  127  -1  -128  -54  0  0  0 
 3  0  122  110  111  114  105  109  97  100 
 56  3  54  3  53  3  52  3  51  3 
 55  3  40  3  0  0  1  1  3  14 
 1  43  1  34  1  3  1  41  1  27 
 1  0  21  1  0  0  0  0  -1  -1 
 0  4  0  -67  0  20  98  -59  -109  114 
 -127  69  -92  9  -72  -86  20  94  -64  -98 
 -126  -127  71  -16  89  55  -20  20  113  -123 
 -109  26  33  70  88  96  58  -82  20  107 
 0  -103  27  1  69  112  96  51  34  20 
 116  -122  3  -21  -31  70  104  3  -71  116 
 20  118  -58  95  3  -95  70  -48  96  106 
 -14  20  -93  3  -105  59  -31  74  24  100 
 -67  6  20  -88  70  6  -44  -95  73  52 
 57  112  -122  20  -54  -61  -105  120  -127  74 
 -84  41  114  -120  20  -32  -123  -19  48  -63 
 72  112  57  122  66  20  -39  5  -19  29 
 1  77  -44  94  -78  -112  20  -55  -123  -20 
 48  -127  73  -116  94  -86  -48  20  -74  -59 
 -20  49  1  78  50  94  -63  18  20  -38 
 -123  -22  -115  -127  80  48  94  -49  -46  20 
 -92  -27  -28  -91  33  76  76  94  -69  18 
 20  -51  5  -21  -99  -17  -1  -32  -126  -90 
 -126  24  40  -128  3  87  -122  -127  -127  -125 
 0  5  0 
from client [addr=/192.168.254.69,port=55770,localport=43594]: 
timestamp: 1438215437372
 -68  -104  13  0  0  0  0  0  0  0 
 0  24  -11  101  -116  -8  -67  0 
from server [addr=oldschool81.runescape.com/217.163.53.192,port=43333,localport=55518]: 
timestamp: 1438215437868
 -64  1  37  95  0  18  4  84  18  44 
 127  -16  64  2  71  0  0  124  0  0 
 1  1  6  0  44  0  35  31  1  96 
 -96  -91  98  -80  58  -59  106  -46  -59  -123 
 0  -89  51  47  93  14  -1  -1  -96  127 
 -1  0  0  0  0  24  39  -128  -128  -1 
 -1  -128  -114  0  0 
from client [addr=/192.168.254.69,port=55770,localport=43594]: 
timestamp: 1438215438186
 -123 
